150666.994
140293.731
136628.488
123313.592
119211.725
119211.725
108370.243
67633.964
67633.964
67633.964
182877.699
126855.350
115689.125
98241.234
74373.428
44065.104
32246.884
27306.600
27306.600
27306.600
152460.775
116185.787
116185.787
70956.393
33181.084
33181.084
33181.084
33181.084
33181.084
27419.298
273300.771
220675.084
182641.117
177337.458
175647.490
173835.723
127278.303
127114.698
111916.357
96967.912
56558.510
50922.272
50922.272
47915.791
47915.791
47394.272
43748.262
43748.262
43748.262
38353.558
182365.837
118945.707
92936.227
68301.451
68301.451
56292.880
47373.882
44016.574
44006.610
44006.610
191413.994
167233.284
152584.491
144684.700
131340.066
121040.614
100341.163
79950.062
79950.062
67545.675
231051.296
178599.788
178556.848
178273.851
178273.851
159527.854
49646.766
43685.891
43668.145
43668.145
312255.798
303885.012
303851.473
250315.193
197121.143
175735.922
175735.922
159401.720
157120.125
134583.995
136280.132
111849.522
75746.116
61003.204
45343.726
45343.726
40984.801
39908.814
38373.378
35796.018
248467.771
167216.393
163213.719
163213.719
105843.710
105843.710
105843.710
105843.710
71621.801
45778.241
242721.993
59948.979
59948.979
59948.979
53220.496
53220.496
21229.366
11644.818
7546.582
7546.582
464705.160
249290.287
199871.204
199871.204
199871.204
199871.204
184230.792
184230.792
30205.795
23865.952
218570.359
174069.781
165527.686
112314.492
99384.545
66378.560
66378.560
58577.275
55295.261
55295.261
49449.537
47279.006
40861.864
33788.853
33788.853
30330.626
28445.535
27747.055
26892.583
22701.666
43041.465
38084.831
38084.831
36135.789
32929.806
31772.680
31772.680
24835.942
24835.942
24166.959
463033.183
285696.501
163309.383
79102.990
65738.682
29103.371
24377.333
24377.333
24377.333
24377.333
474409.945
270263.498
205320.226
169016.467
92076.679
49768.198
49768.198
49768.198
49768.198
49768.198
55080.529
53904.468
46904.143
39847.994
35534.484
35517.268
35517.268
32503.018
30453.649
29862.766
114343.406
102466.919
72822.725
55503.787
53735.756
42841.651
31865.977
31865.977
31865.977
31865.977
