4 4 100
1 3 0
3 4 0
3 4 0
1 3 0
6 4 100
1 5 0
2 5 0
3 6 0
1 3 0
5 4 100
1 5 0
1 3 2 0
1 4 0
3 2 4 0
5 4 100
1 2 5 0
1 3 4 0
1 5 0
1 3 2 0
8 7 100
8 3 4 0
1 7 6 0
4 6 0
3 5 7 0
5 6 0
8 4 6 0
3 7 0
7 6 100
5 6 0
3 2 0
1 7 0
5 7 0
2 4 0
1 7 0
9 5 100
1 8 0
1 8 4 0
8 3 4 0
4 6 0
8 5 4 0
7 5 100
2 5 4 7 0
1 6 0
1 3 2 4 6 0
3 2 5 7 0
4 7 6 0
7 6 100
3 2 7 0
1 3 0
2 4 6 0
2 5 6 0
3 5 4 0
1 5 4 0
6 5 100
1 5 0
2 6 0
3 6 0
1 6 0
1 5 0
7 7 100
1 2 4 7 0
1 2 4 6 0
2 5 4 7 0
2 5 4 0
3 5 6 0
3 2 5 7 6 0
4 6 0
7 6 100
1 3 5 4 6 0
5 4 7 0
3 4 0
1 2 4 0
1 3 7 6 0
1 3 6 0
8 8 100
5 7 6 0
1 8 4 7 0
1 3 4 7 0
1 3 2 6 0
5 4 7 6 0
8 2 4 7 6 0
1 5 4 6 0
1 3 4 7 0
7 4 100
2 7 0
3 2 5 0
1 3 2 7 6 0
1 4 0
6 6 100
3 4 0
1 2 5 4 6 0
1 2 5 0
2 5 4 6 0
1 4 6 0
1 5 4 0
9 7 100
1 9 3 6 0
3 4 0
9 1 5 6 0
1 9 3 8 0
1 5 0
1 2 7 0
9 8 5 7 0
7 5 100
3 7 0
1 6 0
2 7 0
1 7 0
3 2 0
5 5 100
2 4 0
3 5 4 0
5 4 0
1 5 0
3 5 0
6 6 100
1 3 0
3 2 0
2 4 0
3 6 0
3 6 0
1 4 0
8 8 100
8 3 2 5 0
3 2 0
1 3 4 0
5 7 0
3 2 4 6 0
1 8 3 5 7 0
3 5 6 0
1 8 3 4 0
7 4 100
1 3 7 0
7 6 0
3 5 4 7 6 0
2 5 7 6 0
8 7 100
1 2 0
2 5 0
1 7 0
2 4 0
1 3 0
3 5 0
1 4 0
5 5 100
1 4 0
2 4 0
1 3 0
1 2 0
2 5 0
8 4 100
1 3 0
5 4 0
3 2 5 0
1 8 5 7 0
9 7 100
8 6 0
9 5 0
9 1 3 4 7 0
2 7 0
8 3 4 0
9 2 5 4 7 0
3 7 6 0
5 4 100
1 3 4 0
1 4 0
2 5 0
1 2 0
4 4 100
3 4 0
3 4 0
1 4 0
1 3 0
7 6 100
2 7 6 0
4 6 0
1 2 6 0
4 7 0
2 4 7 0
3 2 5 4 0
8 6 100
3 4 0
1 8 3 6 0
8 2 7 6 0
1 5 0
1 3 5 6 0
5 4 6 0
8 5 100
1 2 0
8 2 4 0
3 2 0
1 3 2 5 0
1 8 2 0
9 4 100
2 5 6 0
1 3 2 5 4 7 9 0
1 3 2 4 6 9 0
3 4 7 6 0
8 4 100
8 6 0
4 7 6 0
3 2 7 6 0
1 8 3 5 0
5 4 100
1 3 5 4 0
2 5 0
1 3 2 0
1 3 2 5 4 0
8 7 100
5 6 0
3 4 0
1 4 0
1 2 0
1 7 0
4 6 0
2 7 0
8 7 100
3 5 4 7 6 0
3 5 0
1 8 3 5 4 0
4 7 6 0
8 2 4 0
1 8 7 0
1 8 5 4 6 0
6 5 100
2 6 0
1 5 0
1 5 0
1 6 0
1 3 0
5 5 100
5 4 0
1 4 0
1 3 0
1 2 0
1 4 0
6 5 100
3 5 4 0
3 5 4 0
2 5 4 0
1 3 4 0
2 4 0
9 4 100
3 2 5 7 6 0
5 4 7 0
9 8 3 7 6 0
8 2 5 0
6 6 100
3 2 0
4 6 0
1 3 0
5 4 0
1 3 0
1 4 0
9 8 100
1 8 5 6 0
8 2 4 6 0
1 8 2 6 0
8 4 6 0
3 5 4 0
1 4 0
9 8 0
9 8 3 5 6 0
8 7 100
7 6 0
1 8 2 0
1 2 0
1 8 7 0
1 8 4 7 0
8 5 7 0
1 8 5 4 7 0
5 4 100
1 2 5 0
2 5 4 0
1 3 2 0
2 4 0
6 4 100
1 3 4 6 0
3 5 4 0
3 5 4 0
5 4 6 0
6 5 100
1 3 0
2 5 0
2 6 0
3 5 6 0
1 3 5 0
6 6 100
2 6 0
1 3 2 0
1 3 6 0
1 2 0
1 5 6 0
3 5 4 0
6 4 100
2 5 0
3 6 0
5 4 0
1 2 0
6 4 100
1 3 4 0
1 6 0
2 5 0
3 5 0
8 4 100
3 2 0
8 5 0
1 2 0
3 4 0
9 5 100
9 8 2 5 7 0
8 6 0
4 7 6 0
1 8 0
8 7 0
9 5 100
4 7 6 0
8 2 5 0
9 8 0
8 3 5 4 6 0
1 3 2 5 4 7 9 0
7 7 100
3 5 0
3 2 4 6 0
3 5 0
2 5 7 6 0
3 2 7 6 0
1 3 2 5 4 0
5 7 6 0
8 4 100
8 7 0
2 5 6 0
3 5 0
2 5 0
5 5 100
2 5 0
1 5 0
5 4 0
2 5 0
2 5 0
6 5 100
3 5 0
5 6 0
3 2 5 0
3 4 0
1 5 0
5 5 100
1 2 0
2 4 0
1 5 4 0
3 5 4 0
3 2 4 0
5 5 100
2 4 0
1 2 5 0
1 2 0
2 5 0
1 3 2 5 0
5 5 100
3 2 5 0
3 5 0
1 5 0
1 2 4 0
3 5 0
9 9 100
9 5 4 7 6 0
9 2 5 4 7 0
4 6 0
1 8 5 7 6 0
1 5 0
1 4 0
9 6 0
2 4 0
9 4 6 0
6 4 100
5 4 6 0
1 2 0
1 2 5 4 0
3 5 6 0
6 5 100
2 4 6 0
2 5 0
1 5 0
1 3 6 0
1 3 2 5 0
8 8 100
3 2 4 0
8 7 0
1 3 7 6 0
2 7 0
1 2 5 6 0
5 4 0
3 4 0
2 4 0
8 7 100
5 7 0
1 8 0
2 5 0
8 6 0
8 5 0
7 6 0
2 6 0
9 9 100
7 6 0
3 7 0
8 7 0
1 5 0
8 3 7 0
9 2 0
9 3 0
4 7 0
3 6 0
8 4 100
3 5 4 7 6 8 0
8 3 4 7 0
7 6 0
5 6 0
5 4 100
3 2 0
1 3 0
3 2 0
1 5 0
9 4 100
2 7 6 0
4 6 0
3 7 0
2 5 7 0
8 7 100
1 8 3 2 4 0
2 5 4 7 6 8 0
1 3 2 4 7 6 8 0
3 2 7 0
1 3 0
1 8 3 5 7 0
3 5 4 7 6 0
7 6 100
2 5 0
3 7 0
5 6 0
1 2 0
1 7 0
7 6 0
7 4 100
1 4 7 6 0
1 3 5 6 0
1 3 2 5 7 0
3 5 6 0
8 5 100
1 8 3 0
4 7 6 0
3 5 4 6 0
1 8 3 5 0
1 5 4 6 0
5 5 100
1 5 4 0
1 2 5 0
1 3 2 0
3 2 5 0
2 5 0
6 5 100
3 5 4 0
1 2 0
2 6 0
2 5 6 0
2 4 0
6 5 100
3 2 4 0
1 2 6 0
1 5 4 6 0
1 3 5 6 0
5 4 6 0
5 5 100
1 3 0
1 3 0
1 2 5 4 0
1 2 5 0
1 4 0
7 7 100
5 6 0
1 2 5 4 7 0
1 3 5 7 0
2 5 7 0
1 2 5 0
2 7 0
2 5 6 0
9 4 100
8 4 0
9 8 3 2 4 0
8 3 4 6 0
1 8 3 2 6 0
7 7 100
1 2 5 4 0
1 5 0
5 7 6 0
3 5 0
3 2 7 0
1 4 0
1 7 6 0
4 4 100
1 3 0
1 2 0
3 2 0
1 3 0
8 6 100
8 3 7 0
1 4 0
8 7 0
1 8 7 0
1 6 0
1 3 7 0
9 9 100
8 3 0
3 7 0
8 3 0
1 5 0
9 8 2 0
8 2 6 0
9 5 4 0
8 5 0
1 5 0
7 4 100
1 7 0
3 2 0
3 7 0
1 6 0
9 4 100
1 3 2 4 0
9 8 5 7 6 0
2 5 7 6 9 8 0
9 7 0
4 4 100
1 4 0
2 4 0
3 4 0
1 2 4 0
9 7 100
1 2 5 7 0
8 3 7 0
1 5 0
9 1 7 0
5 6 0
8 3 4 0
4 7 6 0
5 5 100
1 4 0
3 4 0
5 4 0
3 5 0
3 4 0
9 9 100
8 5 7 0
1 3 2 5 6 9 0
1 4 7 6 0
9 7 6 0
8 2 5 7 0
9 1 0
9 8 3 2 7 0
2 7 0
9 1 3 4 6 0
8 6 100
2 6 0
1 8 0
5 4 0
4 6 0
4 7 0
8 3 0
5 5 100
3 5 4 0
1 5 0
5 4 0
1 3 4 0
2 4 0
5 4 100
2 4 0
1 2 0
3 2 0
1 3 5 0
5 4 100
1 5 4 0
3 5 4 0
5 4 0
1 3 0
8 4 100
1 5 4 7 6 0
8 2 4 0
5 4 0
8 5 0
6 6 100
3 4 0
4 6 0
2 4 0
1 4 0
3 2 0
1 4 0
4 4 100
1 4 0
1 4 0
1 3 0
3 2 0
7 5 100
4 6 0
5 4 0
3 2 5 4 6 0
1 3 7 0
1 4 6 0
9 7 100
1 8 5 4 0
3 2 5 7 6 0
8 3 2 0
1 9 5 7 6 0
2 4 7 6 0
3 2 5 6 9 8 0
2 4 0
6 6 100
1 2 5 0
5 6 0
5 6 0
2 4 0
1 4 0
1 3 6 0
6 5 100
3 6 0
5 6 0
2 6 0
3 5 0
2 5 0
4 4 100
1 4 0
3 2 4 0
3 2 4 0
1 3 4 0
7 5 100
7 6 0
4 6 0
4 6 0
1 7 0
3 5 0
6 5 100
3 5 0
2 6 0
3 5 0
1 5 0
5 6 0
8 6 100
2 7 0
1 4 0
1 3 2 5 7 0
8 2 7 0
3 2 0
1 4 7 0
5 4 100
2 5 4 0
3 5 0
2 5 0
3 4 0
8 7 100
1 3 0
1 8 4 7 0
1 2 5 0
1 3 2 0
1 3 6 0
1 7 0
2 6 0
7 5 100
3 2 5 4 0
1 3 4 0
3 5 0
1 3 0
3 4 0
8 5 100
1 8 5 4 0
8 2 4 7 6 0
3 6 0
8 4 6 0
8 2 6 0
7 6 100
5 4 0
1 2 0
3 2 0
2 4 0
1 2 0
3 5 0
5 5 100
5 4 0
3 2 0
3 2 5 0
1 2 0
3 2 4 0
4 4 100
1 4 0
3 2 0
3 2 4 0
3 2 0
5 4 100
1 5 4 0
5 4 0
1 5 0
1 3 4 0
7 5 100
3 6 0
3 6 0
2 6 0
2 5 0
2 4 0
7 5 100
3 2 0
3 2 5 0
1 3 5 4 0
1 2 6 0
1 5 7 0
4 4 100
1 2 4 0
2 4 0
1 4 0
1 3 0
7 5 100
1 3 4 7 0
7 6 0
1 4 0
1 2 5 4 0
5 7 0
8 5 100
1 3 2 6 0
1 5 0
2 7 0
8 3 4 7 0
1 8 0
9 8 100
3 4 0
9 8 3 5 7 0
5 6 0
3 2 5 7 6 0
9 1 4 6 0
2 5 4 7 6 8 0
1 8 3 4 7 0
1 3 2 5 4 7 8 0
4 4 100
3 4 0
2 4 0
1 3 0
1 4 0
8 6 100
5 7 6 0
1 8 4 7 6 0
1 2 5 4 0
8 3 5 7 6 0
8 3 2 4 7 0
3 2 7 0
4 4 100
3 4 0
3 4 0
3 4 0
3 4 0
4 4 100
1 2 0
1 2 4 0
1 4 0
1 3 4 0
9 4 100
1 2 0
1 6 0
8 3 0
9 4 0
9 7 100
1 4 7 0
9 3 6 0
1 3 5 4 9 8 0
2 5 7 0
9 3 2 4 6 0
9 6 0
9 8 5 6 0
6 5 100
1 6 0
5 6 0
1 5 0
1 3 5 6 0
5 4 0
8 4 100
4 7 0
5 6 0
5 6 0
1 8 0
6 6 100
1 5 0
2 5 0
3 2 0
2 5 0
3 4 0
1 3 0
7 7 100
3 2 7 0
4 7 6 0
2 6 0
2 5 0
3 6 0
4 6 0
2 4 0
4 4 100
3 2 0
1 3 0
3 4 0
1 3 0
4 4 100
1 3 0
1 4 0
3 4 0
1 2 0
9 8 100
1 3 2 5 6 8 0
1 8 3 2 4 0
9 3 4 7 6 0
9 2 4 7 0
1 3 5 7 6 9 0
2 5 4 7 6 0
9 1 0
1 9 6 0
5 5 100
3 5 0
1 2 5 0
1 2 5 0
1 3 2 0
2 5 0
6 6 100
3 2 5 6 0
1 3 2 5 0
1 2 4 0
1 2 5 4 0
1 5 4 0
3 6 0
5 4 100
1 3 5 0
1 5 4 0
1 2 5 0
3 5 4 0
9 7 100
1 4 0
1 8 3 7 6 0
8 3 5 4 6 0
9 2 5 7 6 0
9 3 5 6 0
9 2 4 7 6 0
2 5 4 0
6 5 100
3 2 4 0
2 6 0
1 3 0
1 4 6 0
3 5 0
6 5 100
1 3 5 4 6 0
1 4 0
3 2 0
2 4 0
4 6 0
9 5 100
1 3 2 4 0
9 8 0
3 5 0
1 3 2 6 0
9 1 0
5 4 100
3 2 0
1 3 0
3 5 0
1 3 0
8 8 100
1 3 2 6 0
5 7 0
8 5 6 0
3 2 7 0
1 5 4 7 0
2 4 0
1 8 7 0
1 3 5 7 0
4 4 100
1 2 0
3 2 0
1 3 0
1 4 0
6 6 100
2 6 0
2 4 6 0
1 2 4 0
1 5 0
3 5 4 0
1 3 5 0
8 8 100
2 5 0
1 3 2 0
1 8 0
1 2 0
1 8 5 0
2 4 7 0
2 4 0
1 3 7 0
8 4 100
8 7 0
8 3 5 0
3 2 0
1 6 0
8 4 100
1 3 2 5 7 0
2 5 7 6 0
8 3 5 7 0
3 5 7 6 0
9 8 100
5 6 0
8 7 0
1 8 9 0
1 8 3 7 0
9 3 7 6 0
1 8 4 7 6 0
9 8 5 7 6 0
1 2 4 7 6 9 8 0
8 4 100
5 4 0
1 3 2 6 0
1 2 7 0
4 7 6 0
5 4 100
1 2 4 0
5 4 0
1 3 4 0
3 2 5 0
4 4 100
3 2 0
3 4 0
3 4 0
2 4 0
6 5 100
3 5 4 0
1 3 6 0
1 3 4 0
2 4 0
1 2 0
7 4 100
4 7 0
3 5 4 0
3 2 5 4 7 6 0
3 2 5 0
5 5 100
2 4 0
3 2 0
3 4 0
2 5 0
3 5 0
9 8 100
9 3 4 6 0
3 2 5 0
8 5 7 0
1 9 5 7 0
8 5 0
1 8 0
1 8 9 0
9 8 2 5 4 0
9 6 100
9 8 2 0
8 6 0
1 8 2 0
9 5 7 0
8 3 4 6 0
1 9 5 0
4 4 100
1 2 0
1 2 0
2 4 0
3 4 0
5 4 100
3 4 0
3 2 5 4 0
2 5 0
3 5 4 0
6 4 100
3 2 5 4 0
2 5 4 0
1 3 2 5 0
1 2 5 6 0
7 7 100
1 3 4 6 0
4 7 0
3 4 7 6 0
3 2 6 0
1 3 4 6 0
5 4 7 6 0
4 6 0
5 5 100
1 4 0
5 4 0
1 3 0
2 4 0
5 4 0
8 6 100
3 2 5 0
1 2 4 7 6 8 0
1 8 2 7 0
8 3 5 4 0
1 8 2 7 0
1 8 2 5 6 0
8 6 100
5 7 0
1 2 7 6 0
3 5 4 7 0
8 3 4 7 0
1 5 0
1 3 7 0
7 6 100
1 5 7 0
1 3 0
1 2 7 0
1 2 7 6 0
5 7 6 0
1 3 5 4 7 0
9 8 100
7 6 0
1 7 0
1 3 0
8 5 7 0
9 8 7 6 0
8 2 0
4 7 6 0
9 6 0
4 4 100
1 2 0
1 3 2 0
1 2 4 0
1 3 4 0
6 4 100
1 3 2 5 4 0
3 2 0
2 5 0
2 5 4 6 0
9 6 100
8 3 5 4 0
1 3 2 5 7 6 0
1 3 0
4 6 0
1 3 2 5 0
1 7 0
4 4 100
1 3 0
3 4 0
3 2 0
1 4 0
4 4 100
1 2 0
3 4 0
3 2 0
3 2 0
9 7 100
8 3 2 6 0
8 5 7 6 0
8 2 5 0
1 9 2 4 6 0
3 4 0
8 3 2 0
1 8 6 0
9 7 100
9 8 5 0
3 2 5 4 0
1 9 3 2 8 0
2 4 7 6 0
8 7 0
9 5 4 7 0
1 8 0
5 4 100
1 3 0
3 2 0
1 5 0
5 4 0
5 5 100
1 3 0
1 3 0
1 5 0
1 4 0
1 3 0
9 9 100
2 5 4 7 0
9 3 4 6 0
9 4 6 0
8 3 2 5 7 0
1 8 4 7 0
9 8 3 4 0
9 1 0
1 8 3 9 7 0
9 8 5 0
7 4 100
1 2 7 6 0
1 4 7 6 0
1 3 2 4 7 0
2 5 7 0
9 8 100
9 8 3 4 0
1 5 0
1 8 2 9 0
3 5 4 7 6 0
2 7 0
1 9 8 0
1 8 9 7 6 0
8 4 0
9 8 100
1 3 4 7 6 8 0
3 5 0
1 2 5 4 7 6 8 0
8 3 4 7 0
1 8 7 0
2 7 6 0
9 4 0
1 5 7 6 0
7 4 100
1 4 0
1 3 0
2 6 0
1 2 6 0
8 8 100
8 3 5 6 0
2 5 0
3 5 0
2 5 0
8 3 2 4 0
1 8 2 6 0
2 6 0
4 6 0
6 6 100
1 5 0
2 4 0
2 5 4 0
1 4 0
3 5 4 0
1 2 5 0
7 4 100
3 5 4 6 0
2 7 6 0
1 2 6 0
5 4 7 0
8 5 100
1 3 5 4 7 0
1 7 0
1 5 4 0
1 8 3 0
1 3 2 4 6 8 0
7 7 100
1 3 0
3 5 4 6 0
2 4 0
1 3 5 4 0
5 7 6 0
1 2 7 0
3 2 5 0
7 5 100
1 2 6 0
3 2 0
1 2 4 7 6 0
3 6 0
3 7 6 0
4 4 100
1 2 0
1 3 0
1 4 0
2 4 0
9 5 100
1 7 0
1 6 0
8 3 0
1 5 0
4 6 0
9 6 100
9 1 2 0
2 7 0
1 9 0
9 1 3 4 7 0
3 2 5 6 0
3 5 6 0
8 8 100
2 6 0
8 2 0
3 2 0
3 5 4 7 0
4 6 0
2 4 6 0
8 7 0
4 7 6 0
6 6 100
2 5 0
3 4 0
3 2 5 0
3 2 5 4 0
1 2 4 6 0
4 6 0
6 4 100
2 5 0
1 2 5 4 0
3 2 5 0
3 2 0
5 5 100
3 2 5 4 0
1 5 0
3 5 4 0
1 5 4 0
3 5 4 0
9 4 100
1 3 2 5 7 6 0
8 4 0
8 3 7 0
1 3 7 0
8 4 100
8 5 6 0
5 7 0
1 8 0
1 6 0
4 4 100
1 3 2 0
3 2 4 0
1 3 0
2 4 0
9 5 100
8 7 6 0
9 3 5 0
1 5 0
9 8 1 5 0
1 2 6 0
8 6 100
3 5 4 7 6 0
2 5 4 0
3 2 6 0
1 8 3 2 0
8 3 2 0
1 6 0
7 4 100
1 2 5 4 0
1 3 4 7 0
1 2 4 0
1 5 4 0
5 5 100
1 2 4 0
3 4 0
1 2 0
1 5 0
1 4 0
4 4 100
2 4 0
3 4 0
1 4 0
1 3 0
6 6 100
2 4 0
3 5 0
1 4 0
3 2 0
3 6 0
1 3 0
7 7 100
3 5 4 6 0
5 7 0
3 2 5 0
1 3 2 0
3 4 6 0
4 7 0
1 3 2 7 0
4 4 100
3 2 4 0
1 3 0
3 2 0
2 4 0
7 4 100
4 7 0
4 7 0
1 7 0
4 7 0
8 6 100
8 7 0
3 2 0
4 6 0
3 2 0
5 4 0
1 2 0
6 5 100
5 4 0
3 2 0
1 3 5 0
3 4 6 0
1 2 6 0
4 4 100
1 3 0
1 2 0
2 4 0
2 4 0
9 4 100
1 3 0
9 8 3 5 6 0
1 8 2 4 0
9 6 0
9 8 100
8 5 7 0
9 4 6 0
1 8 3 9 2 0
9 3 2 4 6 0
9 1 3 0
1 3 0
1 9 4 6 0
9 4 0
4 4 100
3 4 0
1 4 0
1 4 0
1 2 0
5 4 100
1 3 2 4 0
1 2 0
3 4 0
2 5 4 0
8 4 100
1 3 5 7 0
1 2 7 0
5 4 6 0
1 8 3 2 6 0
9 7 100
9 8 2 6 0
3 4 6 0
1 3 2 7 9 8 0
1 9 3 7 0
9 8 4 7 6 0
9 8 3 7 6 0
8 3 0
4 4 100
1 3 0
1 4 0
1 2 0
3 2 0
7 7 100
1 4 0
7 6 0
1 5 0
3 5 0
1 2 0
1 4 0
1 5 0
9 4 100
1 2 5 6 9 8 0
1 3 2 4 7 0
1 3 7 6 9 8 0
9 3 2 7 6 0
8 5 100
5 7 0
1 7 0
8 3 0
5 7 0
1 8 7 0
5 5 100
1 2 5 4 0
1 2 4 0
3 4 0
1 5 4 0
1 3 0
8 6 100
8 3 7 0
1 7 0
3 2 4 7 6 8 0
1 5 0
1 3 5 7 0
1 8 3 5 0
4 4 100
1 3 0
1 3 0
3 2 0
1 2 0
6 4 100
1 2 5 6 0
3 5 0
3 6 0
3 2 6 0
6 5 100
5 4 0
2 5 0
3 2 0
3 4 0
1 5 6 0
4 4 100
3 2 4 0
1 4 0
2 4 0
3 2 4 0
8 7 100
2 5 7 0
8 4 0
3 6 0
1 2 0
1 4 6 0
3 7 0
3 5 4 7 0
9 5 100
1 5 0
4 7 0
9 5 7 0
9 3 0
1 8 4 0
9 7 100
1 9 0
9 4 0
3 2 4 0
1 3 0
1 5 0
1 9 4 0
8 4 0
6 4 100
3 4 0
1 3 0
3 6 0
5 6 0
4 4 100
1 4 0
2 4 0
3 2 4 0
1 2 4 0
9 9 100
9 2 4 7 0
1 3 2 5 4 7 0
1 7 0
2 6 0
9 2 0
8 3 2 5 7 0
9 8 5 6 0
1 3 5 7 6 9 0
9 5 0
9 7 100
9 4 0
9 5 0
1 7 0
9 4 0
9 2 0
8 5 0
3 7 0
7 5 100
2 7 6 0
3 5 0
1 5 7 0
1 7 0
1 3 7 0
4 4 100
3 2 0
3 4 0
1 3 0
2 4 0
4 4 100
3 4 0
3 2 0
3 2 0
3 2 0
8 5 100
1 8 2 7 6 0
8 6 0
8 3 5 7 6 0
8 3 2 6 0
5 4 0
7 7 100
2 4 6 0
1 3 2 7 0
2 5 6 0
3 2 5 7 0
2 4 6 0
1 5 4 7 0
1 4 6 0
4 4 100
1 3 0
1 4 0
1 3 2 0
3 4 0
5 5 100
3 5 0
1 2 0
2 4 0
3 2 0
1 2 0
4 4 100
3 2 0
3 4 0
1 3 2 0
3 2 0
5 5 100
2 5 0
1 4 0
1 3 2 4 0
1 2 5 0
1 3 0
5 5 100
1 4 0
1 2 0
1 5 0
3 2 0
1 2 0
5 4 100
1 3 0
1 5 4 0
1 2 0
1 5 0
4 4 100
1 2 0
1 4 0
1 3 4 0
3 4 0
7 6 100
2 4 0
7 6 0
5 7 0
5 6 0
1 4 6 0
5 7 0
5 5 100
1 5 0
1 3 4 0
2 5 0
3 2 0
1 3 2 0
6 6 100
3 4 0
2 5 0
3 2 0
2 6 0
1 3 0
1 4 0
8 7 100
1 2 4 0
8 5 7 0
1 6 0
1 3 6 0
8 3 2 4 0
4 7 0
2 5 4 7 0
5 4 100
3 4 0
1 5 0
2 5 0
1 2 0
5 4 100
5 4 0
3 2 0
3 4 0
5 4 0
7 7 100
1 2 5 4 6 0
5 7 0
2 6 0
7 6 0
3 2 7 0
5 7 0
1 3 7 0
9 8 100
1 8 0
5 7 6 0
9 7 6 0
2 5 4 7 6 9 8 0
1 8 2 4 0
1 3 2 5 7 8 0
1 8 9 7 6 0
1 3 2 4 7 0
6 5 100
2 5 4 0
1 2 5 0
3 2 0
3 4 0
1 6 0
7 7 100
5 6 0
2 5 0
4 6 0
3 4 0
1 3 4 0
3 4 7 0
5 4 6 0
8 7 100
8 3 5 0
1 5 4 0
2 6 0
1 2 0
1 3 5 0
3 7 0
4 6 0
5 4 100
1 5 4 0
2 4 0
1 3 0
1 5 4 0
5 5 100
3 4 0
5 4 0
1 4 0
1 4 0
2 5 0
6 5 100
4 6 0
1 4 0
4 6 0
5 6 0
3 4 0
7 4 100
3 5 6 0
1 2 0
5 7 0
3 7 0
4 4 100
1 3 2 0
1 3 2 0
3 2 0
3 4 0
5 4 100
3 2 5 0
1 2 5 0
1 5 4 0
3 5 0
6 6 100
1 4 0
1 3 5 6 0
1 3 6 0
3 2 5 4 6 0
1 5 4 0
3 2 5 6 0
8 7 100
1 3 2 5 4 6 0
2 4 0
8 5 7 0
1 6 0
1 3 4 0
2 7 0
8 3 2 7 0
6 5 100
1 5 4 6 0
1 5 0
3 4 6 0
1 5 0
1 3 0
5 4 100
1 5 0
3 4 0
2 5 0
1 2 5 4 0
7 7 100
1 3 5 0
3 2 5 7 6 0
2 6 0
4 6 0
2 4 0
3 5 6 0
1 3 2 7 6 0
8 5 100
1 3 5 4 6 8 0
1 8 3 4 6 0
8 5 0
8 2 5 4 0
1 3 5 7 0
4 4 100
3 2 0
1 2 0
1 2 0
3 4 0
8 6 100
8 4 6 0
7 6 0
8 3 4 6 0
1 5 4 7 0
2 5 0
1 8 7 0
4 4 100
1 3 0
1 2 4 0
1 4 0
1 2 0
9 5 100
3 5 7 0
9 5 7 0
1 9 7 0
9 4 0
8 2 7 6 0
9 8 100
8 2 7 0
3 2 4 6 0
8 2 5 6 0
3 2 5 4 7 8 0
1 8 3 4 6 0
3 2 4 7 0
1 3 5 7 6 8 0
1 8 2 6 0
8 5 100
1 8 0
3 2 0
2 5 0
3 6 0
2 4 0
7 5 100
5 7 0
1 6 0
1 5 0
3 6 0
5 7 0
6 6 100
3 6 0
1 5 0
3 2 0
5 6 0
4 6 0
1 2 0
8 4 100
3 5 0
8 2 0
2 4 0
1 6 0
9 6 100
2 5 4 7 6 8 0
2 5 4 7 6 9 8 0
1 8 3 7 6 0
1 3 2 5 4 7 6 0
1 2 5 0
1 2 5 4 6 8 0
5 5 100
1 3 5 4 0
1 5 4 0
1 3 2 4 0
5 4 0
1 4 0
6 4 100
1 2 5 0
3 5 4 0
1 5 4 0
3 2 0
6 4 100
3 5 6 0
3 4 0
3 6 0
1 3 0
8 8 100
3 4 6 0
1 2 0
1 8 0
2 5 4 0
8 5 0
3 7 6 0
8 7 6 0
1 3 0
4 4 100
1 2 4 0
3 2 4 0
1 4 0
2 4 0
9 9 100
9 2 5 0
9 4 0
1 3 0
1 3 0
9 8 6 0
3 5 4 7 0
1 6 0
8 2 6 0
9 7 6 0
7 7 100
5 7 0
3 5 4 0
5 4 0
3 5 0
4 7 0
5 4 7 0
1 6 0
9 7 100
1 8 3 2 4 0
9 8 2 6 0
9 8 2 5 6 0
8 2 6 0
1 8 4 0
1 7 6 0
1 2 6 0
9 4 100
9 3 7 6 0
9 3 0
9 3 5 7 6 0
1 8 4 7 0
8 6 100
5 6 0
3 7 0
8 3 0
2 4 0
8 6 0
3 2 0
7 7 100
7 6 0
1 6 0
4 6 0
5 4 0
1 5 0
5 7 0
1 3 0
5 5 100
1 2 0
3 5 0
1 3 2 4 0
1 5 0
2 4 0
9 8 100
3 2 0
7 6 0
1 2 5 4 7 0
9 1 3 0
1 8 3 6 0
9 8 4 7 0
1 3 5 6 9 8 0
1 8 3 4 7 0
5 4 100
2 5 0
3 4 0
1 2 0
2 5 0
5 5 100
2 4 0
1 3 0
2 4 0
1 3 5 0
1 3 0
4 4 100
3 2 0
1 4 0
1 2 0
1 3 0
5 4 100
2 5 4 0
3 2 4 0
1 2 0
1 3 5 0
6 6 100
1 6 0
1 5 4 0
2 4 6 0
4 6 0
1 5 0
3 5 0
5 4 100
1 3 0
2 5 0
2 4 0
2 4 0
7 7 100
1 3 2 6 0
1 3 2 0
3 4 7 0
1 2 5 4 7 0
1 4 6 0
1 3 4 0
5 6 0
5 4 100
3 2 0
3 4 0
2 5 0
1 5 0
7 7 100
7 6 0
2 5 0
5 7 0
1 6 0
1 5 4 0
2 5 0
4 7 0
7 4 100
3 7 0
1 7 0
4 6 0
5 7 0
8 7 100
1 3 5 7 6 8 0
1 8 6 0
1 4 7 6 0
1 5 4 7 0
8 3 2 7 6 0
1 4 0
3 2 5 7 6 0
5 5 100
1 3 0
2 5 0
1 5 0
3 4 0
3 5 0
4 4 100
1 3 4 0
3 4 0
3 4 0
1 3 0
8 7 100
1 3 2 6 0
8 5 0
8 4 7 6 0
8 3 2 7 0
8 5 7 6 0
5 6 0
3 2 5 0
6 4 100
1 3 5 4 6 0
5 4 6 0
1 3 2 4 0
1 4 0
4 4 100
3 4 0
3 2 0
1 3 0
3 2 0
9 4 100
2 5 7 0
1 3 4 7 9 8 0
1 7 6 0
3 2 5 7 0
7 4 100
3 2 5 6 0
5 7 0
3 6 0
3 5 7 0
6 6 100
3 5 0
1 3 0
1 2 6 0
1 2 5 4 6 0
1 5 6 0
3 5 6 0
6 6 100
3 2 0
1 2 0
5 6 0
2 6 0
5 4 0
5 6 0
7 6 100
2 4 7 6 0
1 5 0
3 2 5 0
1 2 5 7 6 0
1 3 2 6 0
3 2 5 6 0
6 5 100
2 5 0
5 4 0
1 3 2 6 0
1 3 4 6 0
1 2 6 0
5 5 100
2 5 4 0
3 5 0
1 2 5 0
1 3 2 0
1 2 0
6 4 100
3 5 6 0
5 6 0
3 2 0
1 2 5 0
5 4 100
1 4 0
2 4 0
2 5 0
5 4 0
4 4 100
1 3 0
1 3 0
1 2 0
2 4 0
9 9 100
8 7 6 0
5 7 6 0
1 8 2 5 7 0
1 3 2 0
2 7 0
9 4 0
9 8 4 0
4 7 0
1 2 4 7 0
9 8 100
8 3 6 0
2 4 7 0
8 3 7 0
2 7 0
9 3 5 0
1 6 0
9 8 0
1 3 0
8 6 100
8 3 5 0
1 3 4 7 0
1 3 0
3 5 0
8 3 6 0
1 5 0
4 4 100
1 4 0
2 4 0
3 4 0
1 3 2 0
4 4 100
1 4 0
3 4 0
1 2 0
1 2 0
9 8 100
9 7 0
2 6 0
1 8 0
1 3 0
1 5 0
8 4 6 0
1 7 0
9 5 4 0
8 8 100
2 5 7 0
5 4 7 0
1 8 3 7 0
8 3 5 4 6 0
1 2 4 6 0
1 8 5 0
1 8 3 4 7 0
4 7 6 0
8 6 100
8 5 6 0
5 7 0
5 7 0
1 8 2 0
1 3 4 0
2 5 0
5 4 100
1 5 0
2 5 0
3 2 0
1 3 0
6 4 100
2 5 6 0
1 6 0
3 4 0
5 4 0
8 7 100
3 7 0
3 7 0
2 4 0
1 5 0
8 4 0
1 2 0
3 5 0
7 4 100
1 5 6 0
3 5 6 0
2 5 7 0
4 7 6 0
4 4 100
3 2 4 0
1 2 4 0
3 2 0
1 4 0
4 4 100
3 2 0
1 3 2 4 0
1 3 0
3 4 0
5 4 100
2 5 0
3 2 0
3 2 5 4 0
1 2 0
5 4 100
1 3 0
1 5 4 0
1 2 4 0
1 2 5 4 0
7 6 100
2 5 4 7 0
1 2 6 0
7 6 0
1 3 7 0
1 5 4 0
1 4 0
4 4 100
3 4 0
3 2 0
2 4 0
1 2 4 0
6 5 100
2 5 4 0
1 5 0
1 5 6 0
3 5 6 0
1 5 4 0
5 4 100
2 4 0
1 3 0
1 3 0
1 2 0
5 4 100
3 2 0
2 5 0
1 5 0
1 4 0
8 4 100
1 8 4 7 0
3 2 7 0
8 4 0
8 3 5 4 0
4 4 100
1 2 0
3 4 0
3 2 0
3 4 0
8 6 100
1 8 2 6 0
4 7 0
1 3 5 0
8 5 4 0
2 6 0
2 6 0
9 7 100
3 4 6 0
1 8 9 5 0
9 3 2 4 0
3 7 0
1 9 7 0
9 5 0
8 4 0
6 4 100
1 5 4 6 0
1 2 5 6 0
3 2 6 0
1 5 6 0
6 5 100
2 6 0
3 4 0
1 5 0
3 2 5 0
3 6 0
8 8 100
3 5 6 0
4 6 0
1 3 5 7 0
8 7 0
8 2 7 0
3 2 4 7 0
8 2 5 0
1 8 6 0
4 4 100
1 3 4 0
1 3 2 0
3 4 0
3 4 0
7 5 100
3 4 0
3 4 0
1 2 5 0
5 4 7 0
1 3 4 0
9 7 100
9 3 7 0
9 6 0
2 5 6 0
2 5 6 0
9 3 6 0
1 5 7 0
2 7 0
8 8 100
5 6 0
3 5 6 0
8 5 6 0
1 3 2 0
1 5 4 0
1 8 3 2 7 0
4 7 0
2 7 6 0
4 4 100
1 4 0
1 2 0
1 3 0
3 4 0
6 4 100
2 4 0
1 5 4 0
1 3 2 5 4 0
3 2 0
7 6 100
2 5 4 0
1 7 0
1 5 7 6 0
1 3 2 7 0
1 5 4 7 0
5 4 0
5 4 100
1 5 0
3 2 0
3 2 5 0
1 5 0
5 5 100
2 5 0
2 5 0
3 5 0
3 4 0
2 5 0
5 4 100
3 2 0
1 3 0
3 4 0
2 5 0
6 6 100
2 5 4 0
2 6 0
2 4 0
3 5 6 0
2 4 6 0
3 5 4 0
4 4 100
1 2 0
3 2 0
1 3 0
1 2 4 0
6 5 100
3 2 0
1 2 5 0
1 6 0
1 5 4 0
2 6 0
5 4 100
1 3 2 5 0
1 3 2 5 0
1 3 4 0
1 2 4 0
9 4 100
9 8 5 6 0
1 3 2 5 0
1 3 5 4 6 0
1 4 6 0
7 6 100
1 2 5 4 6 0
1 3 4 7 0
1 5 6 0
2 5 0
5 4 6 0
2 4 7 0
8 8 100
8 3 7 0
1 8 3 5 7 0
1 3 2 7 6 8 0
1 5 4 6 0
3 7 0
8 3 2 5 4 0
1 3 5 4 7 8 0
1 8 3 7 6 0
9 8 100
5 7 0
2 7 0
1 9 3 7 6 0
8 2 5 6 0
9 4 0
9 3 2 4 0
9 8 4 7 6 0
3 2 7 6 0
7 7 100
3 7 6 0
2 5 0
4 7 0
1 3 0
3 2 0
3 4 0
4 7 0
6 6 100
3 6 0
4 6 0
2 5 0
2 4 0
1 3 0
1 5 0
7 7 100
1 2 5 7 0
1 3 2 0
1 4 0
2 5 0
4 7 0
3 2 4 7 0
2 7 6 0
5 4 100
5 4 0
3 2 0
1 5 0
1 2 0
6 4 100
1 6 0
2 6 0
1 3 5 6 0
1 4 0
7 7 100
5 6 0
3 2 4 6 0
1 6 0
1 5 6 0
3 6 0
5 7 0
1 3 5 4 0
5 4 100
1 5 0
3 5 4 0
1 3 0
1 2 0
8 8 100
1 3 0
8 5 0
8 7 0
8 6 0
2 6 0
8 2 0
1 2 0
5 7 0
4 4 100
1 3 0
2 4 0
1 2 0
3 4 0
5 5 100
1 3 0
2 4 0
1 3 5 0
1 4 0
1 2 5 0
4 4 100
1 3 4 0
2 4 0
2 4 0
1 3 0
4 4 100
3 4 0
3 2 4 0
1 2 0
1 3 2 0
7 4 100
2 4 7 0
1 3 5 4 0
2 4 6 0
3 4 7 0
7 4 100
5 6 0
1 6 0
1 3 5 7 0
2 4 0
6 6 100
1 4 0
4 6 0
3 5 0
3 2 0
3 4 0
1 2 0
7 5 100
7 6 0
1 2 4 0
1 2 0
5 4 0
1 3 7 0
9 9 100
1 8 9 4 6 0
3 6 0
8 3 5 7 6 0
3 2 0
8 2 6 0
9 8 1 5 0
9 2 5 7 6 0
1 8 4 0
1 3 4 7 9 8 0
8 4 100
5 4 6 0
1 3 5 7 6 8 0
1 3 5 4 7 0
7 6 0
8 8 100
1 7 0
5 7 0
4 6 0
3 7 0
4 7 0
2 6 0
3 5 0
3 2 0
7 7 100
3 5 6 0
3 2 0
3 2 0
2 5 4 0
2 4 0
1 6 0
1 5 4 0
8 8 100
5 6 0
3 4 7 0
3 2 7 0
2 6 0
3 7 6 0
1 7 0
1 5 0
1 2 5 0
9 9 100
1 2 7 6 0
3 2 6 0
7 6 0
1 5 7 0
8 3 5 0
1 8 2 0
9 4 6 0
9 2 4 0
8 5 0
6 5 100
1 5 6 0
1 2 5 6 0
1 6 0
3 2 5 0
2 5 0
5 5 100
3 5 0
2 4 0
1 3 0
2 4 0
3 4 0
5 5 100
1 2 0
3 4 0
1 2 5 0
1 3 4 0
1 5 4 0
9 8 100
8 4 7 6 0
3 7 0
9 1 4 6 0
9 8 2 4 7 0
8 3 5 7 0
2 5 0
1 8 7 0
1 3 7 6 0
4 4 100
1 3 0
3 2 0
2 4 0
2 4 0
5 5 100
1 4 0
3 4 0
1 4 0
1 5 4 0
3 5 0
6 6 100
3 6 0
3 5 0
1 6 0
2 4 0
2 4 0
1 5 0
5 5 100
2 5 0
3 5 0
3 2 0
1 4 0
1 4 0
7 5 100
3 2 0
2 5 0
3 7 0
1 4 7 0
2 4 0
5 5 100
1 5 4 0
1 3 5 0
1 3 2 0
1 5 4 0
1 5 4 0
8 5 100
8 2 0
2 7 0
2 4 0
3 7 0
8 2 0
8 8 100
8 2 5 7 0
8 3 0
2 5 4 0
3 7 0
5 4 7 0
1 8 3 4 6 0
1 3 4 0
1 8 3 0
8 8 100
8 4 0
1 2 0
8 5 0
7 6 0
3 6 0
7 6 0
1 3 0
8 3 0
4 4 100
3 2 0
2 4 0
1 2 4 0
1 3 4 0
5 5 100
3 4 0
1 5 0
1 5 0
3 2 4 0
1 3 0
4 4 100
1 2 4 0
1 3 0
3 4 0
1 2 4 0
4 4 100
1 3 2 0
1 3 2 0
1 3 2 0
1 3 0
7 4 100
3 5 4 0
3 2 4 6 0
1 2 4 7 6 0
7 6 0
6 5 100
2 4 0
1 5 0
1 6 0
5 6 0
3 5 0
4 4 100
3 4 0
2 4 0
1 2 0
3 4 0
8 4 100
2 5 4 6 0
5 7 6 0
8 7 6 0
1 8 3 5 0
9 9 100
3 5 0
9 3 0
4 6 0
1 5 0
9 8 0
9 2 0
2 4 0
8 2 0
9 7 0
6 5 100
1 6 0
3 5 6 0
5 4 6 0
1 3 0
2 4 6 0
5 4 100
2 4 0
1 5 0
3 5 0
1 3 0
8 7 100
5 6 0
8 4 0
5 7 0
3 5 0
1 7 0
8 4 0
1 5 0
7 6 100
2 6 0
1 4 0
3 4 0
2 4 0
7 6 0
1 3 0
4 4 100
1 4 0
1 2 0
3 2 0
2 4 0
4 4 100
3 2 0
3 2 0
1 4 0
1 2 0
7 5 100
4 7 0
3 5 7 0
2 5 7 6 0
3 4 6 0
1 7 0
4 4 100
1 4 0
1 2 0
3 4 0
1 4 0
4 4 100
2 4 0
3 4 0
1 2 0
3 2 0
9 5 100
2 5 6 0
1 8 2 7 0
8 3 0
3 5 0
3 2 5 0
8 4 100
3 2 5 4 0
1 3 5 7 6 0
8 3 7 6 0
1 3 2 5 4 7 8 0
6 6 100
2 4 6 0
1 2 5 4 6 0
1 2 0
1 6 0
3 5 6 0
2 5 6 0
4 4 100
3 2 0
2 4 0
1 2 4 0
1 2 0
4 4 100
3 2 4 0
2 4 0
3 4 0
3 4 0
6 6 100
1 5 0
2 5 0
2 6 0
2 6 0
2 6 0
1 6 0
7 5 100
2 4 0
3 2 0
3 4 0
2 6 0
3 5 0
4 4 100
3 2 4 0
1 2 4 0
2 4 0
1 3 2 0
5 4 100
1 5 4 0
1 3 5 0
3 5 0
3 2 0
9 5 100
9 7 0
3 5 7 0
9 2 4 0
3 7 0
9 3 4 0
8 5 100
8 2 4 6 0
1 4 7 0
1 8 3 6 0
8 3 2 4 6 0
8 7 6 0
5 4 100
1 2 0
1 2 0
1 4 0
1 3 5 4 0
4 4 100
1 2 0
1 3 2 0
3 2 4 0
3 2 0
4 4 100
1 3 0
1 2 4 0
2 4 0
3 2 0
5 5 100
1 3 0
3 5 0
3 5 4 0
1 3 2 4 0
2 4 0
5 4 100
1 3 0
3 5 0
1 5 0
3 2 5 0
7 7 100
3 6 0
5 6 0
2 4 6 0
1 3 7 6 0
2 7 0
5 4 0
1 7 6 0
7 5 100
3 5 0
2 7 6 0
3 2 5 4 0
1 4 7 0
1 4 7 0
4 4 100
2 4 0
1 2 0
1 2 0
3 4 0
6 5 100
1 3 5 4 0
5 6 0
2 5 4 0
3 2 4 6 0
1 3 5 6 0
5 4 100
1 5 4 0
3 5 4 0
2 5 0
2 5 0
9 9 100
8 5 0
9 4 0
7 6 0
1 6 0
8 4 0
8 2 0
1 5 0
8 4 0
1 5 0
4 4 100
3 2 0
1 4 0
1 2 0
2 4 0
5 5 100
2 4 0
1 3 0
2 4 0
3 4 0
2 4 0
8 8 100
3 4 7 0
5 7 0
2 5 0
3 5 0
1 3 0
2 4 0
2 5 7 0
3 6 0
5 4 100
5 4 0
1 3 2 0
3 2 0
1 3 2 0
9 6 100
9 3 2 4 0
8 2 7 0
1 8 2 4 7 0
1 3 2 5 4 7 9 8 0
1 3 0
1 2 5 6 0
4 4 100
1 4 0
1 2 0
3 2 0
3 2 0
8 6 100
7 6 0
3 4 0
2 7 0
5 4 0
1 8 3 2 7 0
1 3 4 7 0
6 4 100
3 2 4 6 0
5 4 6 0
2 6 0
5 4 6 0
8 8 100
4 7 0
3 5 0
1 4 0
1 2 4 6 0
8 2 7 6 0
8 2 4 7 0
1 4 0
2 5 6 0
5 5 100
1 5 0
3 5 0
1 5 0
1 2 0
3 4 0
5 5 100
3 5 0
3 2 0
1 4 0
1 5 0
1 2 0
4 4 100
3 2 4 0
1 3 2 0
3 2 0
1 3 2 0
6 6 100
1 2 0
3 5 0
3 6 0
3 2 0
3 5 0
1 3 4 0
5 4 100
3 5 0
1 2 4 0
3 5 0
1 2 4 0
9 9 100
9 4 7 6 0
3 2 0
9 1 4 7 0
8 6 0
2 7 0
8 3 5 7 0
9 5 7 6 0
9 1 4 7 6 0
8 3 2 7 6 0
5 5 100
1 4 0
1 5 0
1 3 4 0
3 5 0
3 2 4 0
6 5 100
1 3 5 4 6 0
1 3 6 0
1 2 4 0
1 3 2 4 6 0
1 3 5 4 0
9 9 100
1 3 2 4 0
9 2 6 0
9 5 7 0
8 2 5 0
1 9 3 6 0
9 1 3 0
9 2 5 7 0
3 2 4 7 0
9 8 7 0
9 4 100
8 5 0
9 2 0
9 5 0
9 8 3 2 0
5 4 100
2 5 0
3 2 0
1 3 0
2 5 0
8 5 100
2 4 7 6 0
8 4 6 0
8 2 5 4 0
5 4 0
1 5 7 0
6 5 100
1 5 6 0
1 3 2 4 6 0
1 2 4 0
5 4 6 0
1 3 2 6 0
6 6 100
4 6 0
3 5 0
4 6 0
3 2 0
1 6 0
3 6 0
7 6 100
5 6 0
5 6 0
1 3 4 6 0
1 3 2 5 4 7 0
1 5 7 6 0
1 3 5 4 0
7 5 100
1 2 4 0
3 2 4 0
1 4 6 0
3 5 6 0
1 4 0
7 6 100
3 2 4 7 0
2 5 4 0
3 4 6 0
1 3 2 4 0
1 3 5 4 6 0
3 2 7 6 0
7 6 100
1 2 0
3 2 0
1 4 0
3 7 0
3 7 0
4 6 0
8 7 100
1 8 5 7 0
8 2 5 4 6 0
8 3 0
8 4 7 0
2 4 0
1 4 0
1 3 5 6 0
6 5 100
1 2 5 4 6 0
3 4 6 0
3 4 0
1 2 0
2 4 0
4 4 100
1 4 0
2 4 0
3 4 0
1 2 0
4 4 100
2 4 0
1 2 4 0
1 3 4 0
3 2 4 0
8 7 100
8 4 0
3 2 5 4 6 0
1 8 3 0
2 7 6 0
1 5 4 7 0
8 5 4 7 0
8 4 7 0
6 6 100
1 6 0
1 2 5 0
5 4 0
4 6 0
3 2 6 0
2 6 0
8 8 100
1 3 5 0
1 8 5 7 6 0
1 4 0
1 8 4 0
3 7 0
1 3 2 5 4 7 0
8 2 4 0
3 2 5 4 0
7 5 100
1 3 4 7 0
3 5 6 0
1 3 6 0
1 3 5 0
1 3 2 0
4 4 100
2 4 0
3 4 0
1 3 4 0
3 4 0
6 5 100
3 4 6 0
5 4 0
3 2 4 0
1 5 6 0
2 6 0
8 4 100
3 4 0
1 5 7 0
8 7 0
2 5 7 0
8 7 100
2 7 0
3 2 6 0
1 6 0
8 3 5 0
4 6 0
2 7 0
3 4 6 0
7 4 100
5 4 0
2 4 0
2 6 0
1 3 0
6 5 100
2 6 0
2 5 0
1 2 0
1 5 4 0
1 6 0
6 4 100
1 5 0
3 2 0
2 5 4 0
3 4 0
9 8 100
1 2 4 7 6 8 0
9 1 8 6 0
1 6 0
1 9 4 6 0
1 3 0
8 2 7 0
9 1 4 7 6 0
9 8 6 0
6 5 100
5 4 0
1 4 0
1 5 4 0
3 2 5 0
2 5 0
6 4 100
3 2 5 4 0
1 4 6 0
2 4 6 0
1 3 5 4 0
6 4 100
2 5 0
2 5 6 0
3 2 0
5 6 0
6 4 100
3 6 0
3 2 0
2 6 0
1 2 5 0
6 4 100
3 4 0
1 3 5 4 0
3 6 0
1 3 4 0
5 4 100
3 2 0
1 4 0
3 4 0
3 5 0
9 9 100
9 8 6 0
9 2 0
1 9 3 5 4 0
1 8 3 6 0
1 8 3 7 0
9 8 2 7 0
1 3 4 7 6 0
1 9 2 5 0
9 1 2 8 0
9 4 100
1 3 0
5 4 0
3 4 0
8 7 0
8 7 100
2 4 0
1 3 5 4 0
3 5 4 0
3 5 6 0
1 3 6 0
2 5 4 7 0
2 6 0
4 4 100
3 4 0
1 3 2 0
1 3 2 0
1 3 2 0
5 5 100
3 5 0
1 5 0
5 4 0
2 4 0
1 3 0
9 4 100
1 2 5 7 0
1 5 4 0
8 3 2 0
2 6 0
5 5 100
3 4 0
5 4 0
1 2 5 0
3 2 0
1 3 0
7 6 100
2 4 7 6 0
5 6 0
3 2 5 0
1 3 2 6 0
2 7 6 0
1 3 7 0
8 5 100
8 2 5 7 0
1 2 5 7 6 0
2 5 4 6 0
1 8 0
1 3 5 0
8 5 100
8 7 6 0
1 3 5 7 6 0
4 7 6 0
2 5 7 6 0
1 5 4 0
6 4 100
3 4 6 0
2 5 6 0
3 2 6 0
3 2 4 0
8 5 100
1 2 6 0
8 2 5 0
8 3 4 0
1 8 3 5 6 0
8 7 0
4 4 100
3 4 0
3 4 0
3 2 0
1 3 2 4 0
7 6 100
1 4 7 0
1 2 0
1 7 0
3 7 6 0
1 5 0
2 5 6 0
8 6 100
8 4 0
3 7 0
1 2 5 4 7 0
1 8 3 5 6 0
1 8 5 0
2 4 0
8 8 100
8 3 0
3 6 0
1 4 0
1 6 0
1 2 7 0
8 7 0
1 5 0
4 6 0
5 4 100
1 3 0
3 2 5 0
3 5 0
2 5 0
7 4 100
4 6 0
1 4 0
1 5 4 0
2 5 7 0
8 8 100
8 5 4 0
8 3 4 0
5 7 0
1 3 4 0
8 3 5 6 0
5 7 0
5 7 6 0
8 3 4 7 6 0
6 4 100
2 4 6 0
3 2 5 0
1 5 6 0
1 2 5 0
4 4 100
1 2 0
1 3 2 0
1 3 0
1 4 0
9 5 100
1 4 6 0
9 4 6 0
3 5 6 0
2 4 0
8 2 0
6 4 100
2 5 0
4 6 0
3 5 4 0
1 3 2 5 0
8 6 100
1 5 0
8 3 0
8 5 0
5 7 0
3 5 0
8 5 0
5 5 100
5 4 0
1 3 5 4 0
1 3 0
1 2 4 0
1 4 0
6 4 100
3 6 0
1 4 0
3 5 4 0
4 6 0
9 5 100
4 6 0
9 2 6 0
7 6 0
1 3 7 6 0
9 3 6 0
9 5 100
9 4 6 0
9 4 0
2 5 7 6 0
9 6 0
3 2 0
8 5 100
3 2 7 6 0
8 4 0
8 3 2 0
8 6 0
3 4 0
8 8 100
3 4 6 0
5 4 0
1 4 7 0
2 6 0
1 2 0
3 5 6 0
1 3 7 6 0
1 8 3 6 0
4 4 100
1 2 4 0
3 4 0
1 2 4 0
1 4 0
5 4 100
3 4 0
1 3 0
3 2 0
1 2 0
6 6 100
1 3 6 0
2 5 4 6 0
4 6 0
3 2 5 4 0
3 2 5 0
1 4 6 0
9 6 100
9 3 0
2 5 6 0
5 6 0
9 7 0
3 5 4 6 0
9 7 6 0
9 8 100
8 2 4 0
2 5 6 0
9 6 0
1 2 4 0
4 7 0
9 8 0
3 5 4 6 0
3 6 0
5 4 100
3 4 0
1 4 0
3 2 5 4 0
3 2 0
5 4 100
3 2 4 0
1 5 0
1 2 4 0
3 5 0
6 6 100
3 2 0
1 3 0
4 6 0
1 2 0
2 5 0
2 6 0
5 4 100
1 3 2 0
1 3 4 0
1 3 4 0
1 4 0
9 5 100
7 6 0
1 2 5 0
9 2 4 0
8 2 7 0
9 4 0
6 6 100
3 2 0
2 4 0
2 6 0
1 5 0
2 5 0
3 6 0
8 8 100
2 5 4 0
1 2 5 6 0
8 2 6 0
1 3 0
8 2 5 6 0
1 8 0
1 4 7 6 0
1 2 0
6 6 100
1 2 0
3 6 0
2 4 0
1 4 0
5 6 0
3 5 0
6 5 100
2 6 0
1 6 0
1 5 0
5 4 0
1 5 0
7 4 100
3 2 5 7 0
1 3 5 6 0
3 5 4 7 6 0
3 2 4 0
8 8 100
1 8 3 2 0
1 4 0
1 2 4 0
3 6 0
1 6 0
8 3 5 4 0
1 8 5 0
1 7 6 0
6 4 100
3 5 4 0
3 2 0
2 5 4 0
1 2 5 0
6 5 100
1 4 0
3 2 0
3 6 0
1 3 0
1 3 0
4 4 100
1 4 0
3 2 0
3 4 0
1 4 0
4 4 100
1 3 2 0
3 2 0
3 4 0
3 2 0
6 5 100
2 4 0
5 6 0
1 6 0
3 5 0
2 4 0
5 5 100
3 5 0
3 2 0
3 2 0
1 2 0
3 4 0
4 4 100
1 4 0
1 2 0
1 3 2 0
3 2 0
8 4 100
3 2 5 7 0
1 2 0
8 3 2 0
3 2 0
8 4 100
1 8 4 6 0
8 4 7 0
8 2 0
1 8 5 0
4 4 100
1 2 0
1 2 0
3 4 0
2 4 0
9 6 100
3 5 0
3 2 4 0
8 6 0
8 5 6 0
1 8 0
9 7 0
9 9 100
8 6 0
8 6 0
1 5 0
9 6 0
1 2 0
8 4 0
8 7 0
3 6 0
9 5 0
8 5 100
3 5 6 0
3 2 7 0
8 4 0
3 2 5 4 0
1 2 4 7 0
7 6 100
4 7 0
2 7 0
5 6 0
1 3 0
1 3 0
4 7 0
4 4 100
1 3 0
1 2 0
3 2 0
1 3 0
7 6 100
3 4 0
5 7 0
5 6 0
2 4 0
1 7 0
1 7 0
6 6 100
1 2 4 0
1 4 0
4 6 0
4 6 0
1 3 6 0
4 6 0
4 4 100
3 2 0
1 4 0
1 3 0
3 4 0
9 4 100
1 9 0
8 3 0
8 3 2 7 6 0
3 5 4 7 6 9 0
5 5 100
5 4 0
2 5 0
1 4 0
5 4 0
3 2 0
7 5 100
1 3 0
1 5 6 0
5 7 6 0
3 7 6 0
3 2 0
9 5 100
9 7 6 0
8 3 7 0
1 5 6 0
9 5 4 0
2 5 0
4 4 100
3 4 0
3 2 0
3 4 0
1 4 0
9 7 100
2 5 6 0
3 2 4 6 0
9 1 2 5 8 0
1 3 2 7 9 8 0
1 3 4 6 0
3 5 7 0
1 8 4 0
4 4 100
3 2 4 0
1 2 0
1 3 0
1 3 2 0
7 7 100
3 5 0
1 3 5 6 0
5 7 0
1 3 7 0
2 4 7 6 0
3 5 7 0
3 2 4 7 0
9 4 100
1 3 7 6 0
3 5 6 0
1 4 0
8 3 2 4 0
7 6 100
2 5 0
5 6 0
1 2 5 6 0
3 6 0
3 5 0
2 5 7 6 0
9 4 100
9 4 7 0
1 3 2 4 7 6 9 8 0
5 4 7 6 9 8 0
1 9 2 5 0
8 7 100
3 6 0
3 2 6 0
5 6 0
8 4 6 0
3 4 0
1 8 4 0
8 6 0
8 7 100
8 5 6 0
8 2 6 0
8 3 2 4 0
8 4 6 0
3 7 0
8 3 0
1 8 5 0
4 4 100
1 2 0
3 2 0
3 4 0
1 2 0
9 4 100
9 2 0
8 5 7 0
9 6 0
3 7 0
9 4 100
8 2 5 7 0
1 9 5 7 6 0
2 4 7 0
9 8 3 1 6 0
4 4 100
1 3 2 4 0
3 2 4 0
1 3 2 0
1 3 4 0
9 8 100
9 8 5 4 7 0
1 8 0
5 4 6 0
1 3 0
1 3 0
9 3 2 5 7 0
2 5 0
1 8 5 4 7 0
7 4 100
2 5 4 0
1 3 5 0
3 2 4 7 6 0
1 3 2 5 7 0
4 4 100
1 3 2 0
1 3 2 4 0
1 3 4 0
1 2 0
9 4 100
3 4 7 0
1 4 0
9 1 7 6 0
3 2 4 7 9 8 0
9 5 100
9 8 7 6 0
1 8 2 0
1 8 5 6 0
1 3 7 6 0
9 3 6 0
7 7 100
2 7 0
5 6 0
3 7 0
1 6 0
1 5 0
2 5 0
3 7 0
7 7 100
5 4 7 0
3 7 6 0
1 5 0
4 6 0
3 5 4 6 0
2 7 0
1 3 2 4 0
5 5 100
3 2 4 0
1 3 2 5 0
3 2 5 4 0
1 5 0
3 5 0
5 4 100
2 5 0
2 5 4 0
2 4 0
3 2 0
7 5 100
1 7 0
4 7 0
1 3 0
3 5 4 7 0
2 5 0
8 8 100
3 2 0
5 4 0
2 5 7 0
3 2 4 0
3 2 7 0
3 7 0
8 4 0
3 5 0
4 4 100
3 4 0
2 4 0
2 4 0
2 4 0
9 5 100
5 7 0
9 6 0
3 4 7 0
9 8 4 0
8 2 5 0
5 5 100
3 5 0
1 3 0
1 3 4 0
1 3 5 0
1 4 0
6 6 100
3 5 6 0
1 5 0
1 3 4 6 0
3 2 6 0
2 4 6 0
3 2 0
9 4 100
1 8 2 0
1 2 5 4 7 6 0
3 6 0
9 1 2 7 8 0
8 7 100
1 3 2 4 6 0
3 5 4 7 6 8 0
1 2 4 7 6 0
1 8 3 4 0
1 8 2 7 6 0
1 3 0
5 4 6 0
8 4 100
2 7 0
4 7 6 0
1 3 2 4 7 0
1 8 2 5 0
7 7 100
1 2 5 6 0
3 4 7 0
5 4 6 0
2 7 0
3 2 5 4 0
3 7 6 0
4 7 0
5 5 100
2 5 0
2 5 0
3 5 0
2 5 0
1 5 0
6 4 100
1 3 5 4 0
2 4 0
2 5 6 0
5 6 0
6 6 100
1 6 0
1 3 2 0
1 6 0
3 6 0
1 4 0
2 4 0
6 4 100
5 4 0
1 3 4 0
2 4 0
3 2 6 0
7 6 100
1 4 0
1 7 6 0
1 4 6 0
3 5 0
2 5 7 0
2 7 0
9 6 100
9 1 3 5 4 0
2 4 7 6 0
3 2 0
8 5 6 0
8 3 2 0
9 8 3 5 4 0
9 4 100
4 7 6 0
3 2 0
8 2 4 0
1 2 0
4 4 100
3 4 0
2 4 0
3 4 0
2 4 0
8 6 100
8 7 0
1 7 0
3 5 0
2 4 7 0
2 6 0
2 5 0
9 5 100
1 4 7 6 0
1 3 4 7 9 8 0
9 4 7 6 0
8 2 4 0
8 3 5 7 6 0
5 5 100
2 5 0
3 5 0
3 5 0
3 5 4 0
1 4 0
6 5 100
1 2 6 0
1 3 5 4 6 0
5 4 0
3 6 0
1 2 6 0
5 5 100
3 2 0
3 5 0
3 2 0
2 4 0
3 5 0
8 5 100
1 8 5 0
1 3 0
8 5 0
1 4 0
8 4 0
4 4 100
2 4 0
1 3 2 0
3 2 0
3 4 0
8 6 100
1 3 5 0
1 3 2 0
8 5 0
8 3 2 4 6 0
1 3 2 6 0
1 3 2 7 0
7 5 100
5 4 6 0
3 2 5 7 0
1 3 4 0
2 7 0
1 2 4 6 0
4 4 100
2 4 0
1 2 0
1 4 0
3 4 0
6 6 100
5 4 0
2 5 0
1 4 0
1 4 0
2 4 0
3 5 4 0
5 4 100
1 3 5 4 0
1 3 5 4 0
1 3 2 4 0
3 5 0
4 4 100
3 2 0
2 4 0
1 3 0
1 4 0
4 4 100
1 2 0
1 2 0
2 4 0
3 2 0
8 8 100
1 3 7 0
4 6 0
1 2 0
1 4 7 0
3 5 0
2 7 0
2 6 0
4 7 0
9 9 100
7 6 0
1 9 2 4 0
9 3 4 0
9 3 5 4 0
1 9 2 6 0
9 3 4 7 0
9 4 7 0
3 7 0
4 6 0
8 8 100
2 5 7 0
8 3 0
1 8 5 7 0
3 7 0
3 7 0
1 8 0
1 4 0
3 5 7 6 0
6 4 100
1 3 4 6 0
1 5 4 6 0
2 4 6 0
3 6 0
8 8 100
1 4 6 0
8 3 2 4 0
8 4 6 0
1 2 5 6 0
1 8 3 4 0
8 3 5 7 6 0
8 2 4 6 0
3 2 7 6 0
8 7 100
1 8 3 4 0
3 4 6 0
2 5 0
3 2 5 4 0
1 8 3 7 0
3 2 4 7 6 0
8 5 4 6 0
4 4 100
3 4 0
1 3 0
1 4 0
3 4 0
5 5 100
2 5 0
2 5 0
3 5 0
5 4 0
1 3 0
9 7 100
9 7 0
8 3 6 0
8 3 4 0
9 5 4 6 0
1 7 0
1 2 0
3 5 4 6 0
4 4 100
1 3 2 0
1 2 4 0
2 4 0
2 4 0
4 4 100
1 2 0
1 4 0
2 4 0
3 2 4 0
5 5 100
2 5 0
1 3 4 0
3 4 0
3 4 0
1 3 2 0
8 7 100
8 6 0
3 5 0
2 5 0
8 7 0
1 7 0
2 4 6 0
3 6 0
5 4 100
1 2 5 4 0
2 5 0
3 2 5 4 0
1 3 4 0
5 5 100
1 4 0
2 5 0
1 2 0
3 4 0
3 4 0
5 4 100
3 5 4 0
1 5 0
2 4 0
1 2 5 0
6 5 100
3 5 4 0
5 6 0
1 3 5 0
3 5 0
3 5 4 0
8 7 100
3 4 0
8 4 0
8 3 0
8 7 0
8 5 0
3 5 0
8 4 0
7 7 100
2 7 6 0
1 4 0
2 5 4 0
1 5 4 7 0
3 6 0
3 2 5 6 0
3 2 4 6 0
5 4 100
1 3 5 0
2 5 4 0
1 3 0
3 2 5 4 0
6 6 100
1 2 5 0
5 4 6 0
2 6 0
5 6 0
1 3 0
1 6 0
7 5 100
1 2 4 0
1 4 0
3 2 0
1 3 2 4 7 0
2 4 0
6 4 100
5 6 0
5 6 0
1 2 4 6 0
1 3 0
6 6 100
1 3 0
1 3 0
1 3 0
3 6 0
1 2 0
5 4 0
7 5 100
1 6 0
3 5 7 0
1 6 0
1 3 6 0
5 4 0
8 7 100
1 2 5 4 0
3 5 4 7 0
8 3 7 0
2 5 7 0
1 3 0
3 5 4 0
1 3 2 7 6 0
6 6 100
3 2 4 6 0
4 6 0
1 5 0
1 2 6 0
3 2 5 0
3 5 0
9 6 100
2 5 6 0
9 3 5 7 0
8 2 5 4 6 0
9 8 5 7 0
9 3 4 7 6 0
2 7 0
8 5 100
2 7 6 0
8 2 0
1 3 5 0
1 8 6 0
8 2 5 0
6 5 100
1 2 0
1 2 5 6 0
2 5 4 0
2 6 0
2 5 4 0
6 6 100
2 5 0
3 2 0
1 2 0
3 6 0
1 4 0
3 6 0
4 4 100
2 4 0
1 3 0
3 4 0
3 2 0
5 5 100
3 2 5 0
1 3 2 4 0
3 2 0
2 4 0
1 5 0
6 6 100
1 2 5 6 0
2 5 4 0
3 2 0
2 5 0
1 4 0
3 2 4 6 0
8 4 100
8 5 4 6 0
3 4 0
3 2 5 4 0
2 5 7 6 0
8 7 100
8 2 5 4 0
1 5 0
3 5 7 6 0
1 5 6 0
3 5 0
1 3 2 4 0
8 5 0
5 4 100
1 5 0
1 2 5 0
1 3 2 0
1 3 0
8 4 100
8 5 4 0
1 3 7 0
1 8 5 6 0
7 6 0
6 4 100
3 2 0
2 4 0
2 4 6 0
3 2 0
9 9 100
1 3 5 4 6 0
9 5 6 0
1 2 7 6 0
9 8 2 5 4 0
1 5 4 7 9 8 0
9 2 7 6 0
9 3 2 5 0
8 2 5 4 6 0
1 3 2 4 7 8 0
8 4 100
3 4 0
8 2 6 0
5 4 0
3 4 7 0
6 4 100
3 5 4 6 0
1 3 5 4 0
1 2 5 0
5 4 6 0
5 4 100
3 5 0
3 4 0
5 4 0
1 3 0
6 5 100
1 2 0
1 4 0
3 5 0
1 5 0
2 5 6 0
6 5 100
5 4 0
1 4 0
3 6 0
1 5 0
1 2 0
4 4 100
3 4 0
1 4 0
3 4 0
2 4 0
8 4 100
5 7 6 0
1 7 0
3 4 7 0
3 5 4 6 0
6 6 100
1 5 4 6 0
3 2 5 4 0
1 6 0
1 3 4 6 0
1 3 2 0
3 5 4 0
8 6 100
3 5 0
3 5 4 7 0
2 4 0
1 3 5 0
1 3 7 0
2 7 0
4 4 100
2 4 0
1 2 0
1 4 0
2 4 0
8 7 100
8 2 7 6 0
8 3 5 4 0
8 2 0
8 5 7 0
8 2 4 7 6 0
1 4 0
1 5 0
4 4 100
1 2 4 0
1 2 0
1 2 4 0
1 3 2 0
4 4 100
1 4 0
1 4 0
1 3 0
2 4 0
7 6 100
1 4 7 0
3 5 4 6 0
1 4 7 6 0
5 4 0
3 2 7 0
1 3 5 4 7 0
8 7 100
1 7 6 0
1 3 2 0
5 7 0
5 6 0
4 6 0
8 5 0
8 4 0
9 8 100
3 2 4 0
8 7 0
9 2 4 0
9 4 6 0
9 2 0
3 2 6 0
1 3 2 0
5 4 0
5 5 100
3 2 5 4 0
1 2 5 0
1 3 4 0
1 4 0
2 5 0
9 7 100
3 2 0
1 5 0
1 3 0
4 6 0
8 2 0
2 7 0
8 2 0
6 6 100
1 4 0
4 6 0
4 6 0
3 4 0
3 4 0
3 6 0
5 4 100
1 3 2 0
1 4 0
1 3 2 0
1 2 0
5 5 100
1 2 0
1 3 4 0
3 2 4 0
2 5 0
1 2 0
8 8 100
3 5 4 7 0
1 5 0
1 8 2 4 0
1 3 2 4 0
8 3 0
5 4 7 0
8 3 2 5 0
1 7 0
8 6 100
1 8 6 0
8 5 4 6 0
1 3 2 6 0
1 8 7 0
3 2 4 7 6 0
8 3 2 5 6 0
9 9 100
3 2 7 0
9 8 2 5 4 0
9 6 0
9 3 5 4 0
9 2 4 7 6 0
1 4 0
9 1 2 4 0
8 3 0
1 3 4 7 6 0
6 4 100
1 6 0
3 5 4 0
1 3 4 0
2 5 4 6 0
5 5 100
1 5 4 0
1 3 0
1 2 5 4 0
3 2 5 4 0
1 2 0
9 7 100
9 3 5 7 6 0
9 8 1 7 0
1 3 2 4 7 6 8 0
8 2 4 7 0
7 6 0
9 8 4 7 0
1 2 4 0
7 4 100
2 4 6 0
1 2 4 7 0
1 5 4 6 0
2 5 0
8 4 100
2 5 7 6 0
3 4 7 0
1 8 3 0
8 3 4 6 0
9 8 100
2 4 0
3 2 5 4 0
9 3 5 0
3 2 5 7 0
1 8 6 0
1 8 7 0
8 3 2 7 0
3 7 6 0
4 4 100
3 4 0
1 4 0
1 3 0
1 3 2 0
6 4 100
1 5 0
3 4 0
1 3 0
3 2 4 0
4 4 100
1 2 0
1 2 0
1 4 0
3 2 4 0
6 5 100
5 4 0
3 6 0
2 4 0
1 2 4 0
2 5 0
6 6 100
1 6 0
1 4 0
1 2 0
2 4 0
1 6 0
2 4 0
4 4 100
1 3 2 4 0
3 2 0
3 2 4 0
1 2 4 0
7 6 100
3 2 0
1 2 0
1 5 6 0
3 7 6 0
7 6 0
3 5 0
6 5 100
2 6 0
5 4 0
2 4 0
3 5 0
1 5 0
9 4 100
1 5 0
7 6 0
1 2 0
3 6 0
4 4 100
2 4 0
2 4 0
1 4 0
3 2 0
5 5 100
3 4 0
1 5 0
1 2 0
5 4 0
2 4 0
8 8 100
8 6 0
2 4 7 0
2 5 7 0
2 7 0
8 2 0
1 7 0
8 5 4 0
1 5 0
8 8 100
1 4 0
8 3 5 4 7 0
3 7 0
1 2 7 6 0
1 2 5 4 7 8 0
8 5 7 0
8 3 7 0
2 4 7 0
7 7 100
2 4 0
1 7 0
2 4 6 0
1 5 6 0
1 3 4 0
1 5 0
5 6 0
9 6 100
1 4 0
1 3 7 6 0
3 2 4 0
9 8 2 4 7 0
4 7 0
8 3 0
9 5 100
3 5 6 0
5 4 7 6 0
1 9 6 0
1 8 2 0
9 4 6 0
5 5 100
2 5 0
1 2 5 0
1 3 0
3 2 0
3 2 5 4 0
4 4 100
1 2 4 0
1 2 0
1 4 0
1 4 0
7 7 100
3 2 0
3 2 0
2 4 0
4 6 0
1 6 0
1 2 0
4 7 0
6 6 100
1 4 0
3 2 0
3 6 0
1 4 0
1 4 0
2 5 0
9 6 100
1 2 6 0
1 3 2 5 7 9 0
8 7 6 0
8 5 0
1 3 2 5 4 8 0
2 5 7 0
5 5 100
1 4 0
1 3 2 4 0
3 5 4 0
1 3 5 0
1 2 0
7 7 100
5 4 7 6 0
1 3 2 6 0
3 2 5 0
2 5 6 0
1 4 0
2 7 6 0
2 5 4 6 0
4 4 100
2 4 0
1 2 4 0
3 2 0
3 2 4 0
9 7 100
1 3 5 4 7 6 0
2 4 7 0
1 2 5 7 6 9 0
9 8 5 0
4 6 0
8 3 2 5 6 0
9 8 3 1 6 0
9 4 100
8 3 2 4 0
9 3 2 5 0
1 2 4 0
8 2 7 0
8 8 100
8 3 4 6 0
3 7 0
1 5 4 0
3 4 0
1 4 7 0
2 7 0
1 3 5 7 0
3 5 4 7 0
4 4 100
3 4 0
1 2 0
2 4 0
1 3 4 0
9 6 100
4 7 0
1 8 7 0
8 5 0
3 4 7 6 0
2 5 0
3 7 0
8 4 100
8 5 6 0
3 2 4 6 0
3 2 5 4 0
1 8 6 0
4 4 100
1 3 2 0
1 3 4 0
1 2 0
1 3 0
5 4 100
3 2 0
1 2 0
3 5 0
1 3 4 0
6 5 100
3 2 0
3 5 0
3 2 0
1 2 6 0
1 4 0
6 5 100
4 6 0
1 3 0
1 2 0
5 6 0
3 6 0
6 4 100
1 6 0
1 2 0
2 5 0
3 6 0
6 5 100
1 2 4 0
2 5 6 0
5 6 0
5 4 6 0
1 5 4 6 0
7 7 100
4 7 6 0
1 3 2 5 4 0
1 2 4 7 6 0
3 2 5 7 6 0
2 5 0
1 2 6 0
3 7 0
6 4 100
1 5 0
3 2 0
5 6 0
3 5 0
6 4 100
1 3 5 0
1 5 0
1 5 0
3 2 0
7 6 100
1 5 7 0
4 7 0
3 7 0
4 7 0
1 6 0
7 6 0
9 5 100
9 7 0
1 6 0
3 7 0
3 6 0
9 7 0
5 4 100
3 2 0
1 3 0
1 3 0
3 4 0
8 5 100
8 3 2 7 0
1 3 5 4 7 6 0
1 3 2 0
3 7 0
1 3 2 0
9 4 100
2 4 0
2 4 0
3 5 0
8 7 6 0
8 4 100
8 3 0
4 6 0
4 6 0
1 4 0
7 7 100
3 2 5 7 0
1 2 5 4 6 0
4 6 0
5 4 7 6 0
4 7 0
1 3 2 5 0
5 6 0
4 4 100
1 3 0
1 3 0
2 4 0
1 3 2 4 0
8 8 100
1 3 4 6 0
1 3 6 0
1 4 0
2 5 0
1 8 4 0
2 6 0
8 3 5 0
5 4 7 6 0
4 4 100
2 4 0
3 2 0
1 2 0
1 3 0
7 6 100
1 7 0
3 5 7 6 0
5 6 0
1 3 7 6 0
3 5 6 0
3 2 4 0
7 5 100
2 5 0
2 5 0
2 6 0
3 2 4 0
3 4 7 6 0
4 4 100
1 3 2 0
1 3 0
3 2 0
3 4 0
5 5 100
1 2 0
3 2 0
5 4 0
1 4 0
2 4 0
7 5 100
3 2 5 4 7 0
1 3 5 0
1 5 4 7 0
3 5 4 7 0
1 2 7 0
9 4 100
2 4 6 0
3 2 5 4 6 8 0
9 8 7 0
1 9 5 7 8 0
4 4 100
1 3 0
3 4 0
3 2 0
1 3 0
5 5 100
1 2 4 0
3 2 0
1 3 5 0
1 2 4 0
1 3 4 0
9 7 100
1 7 0
5 7 0
8 3 5 0
1 7 0
1 8 4 6 0
8 3 0
8 4 0
4 4 100
3 2 0
1 4 0
3 2 0
1 3 0
4 4 100
1 3 4 0
1 3 0
1 3 0
3 2 0
6 6 100
3 6 0
1 4 0
4 6 0
2 5 0
3 4 0
3 2 0
7 7 100
1 2 6 0
1 7 0
3 5 4 0
3 6 0
1 2 5 4 0
2 4 7 0
1 2 0
7 4 100
5 6 0
3 2 6 0
3 2 7 0
3 2 0
4 4 100
3 4 0
1 3 4 0
1 3 0
1 4 0
8 8 100
1 8 4 7 6 0
1 4 0
5 4 0
1 3 2 6 0
1 5 4 7 6 0
8 2 4 0
4 6 0
1 8 3 6 0
4 4 100
3 4 0
3 2 0
1 3 0
1 4 0
7 5 100
2 5 4 0
1 2 0
3 7 6 0
1 4 6 0
7 6 0
4 4 100
1 2 4 0
1 3 4 0
3 4 0
1 2 4 0
9 9 100
1 3 2 4 7 6 0
3 2 5 4 6 0
1 3 4 0
8 3 2 6 0
3 5 7 6 0
9 8 5 4 0
9 8 0
5 6 0
1 3 0
9 6 100
9 8 1 2 7 0
3 5 6 0
9 1 3 4 0
3 5 4 7 9 8 0
1 8 3 2 4 0
5 4 6 0
9 4 100
1 2 0
8 6 0
1 8 5 0
1 8 3 6 0
7 4 100
2 7 0
1 4 0
2 4 0
1 7 0
7 5 100
2 6 0
1 3 2 4 0
3 7 0
1 4 0
5 6 0
5 4 100
1 4 0
1 3 5 4 0
1 3 2 4 0
2 5 0
5 4 100
1 3 2 5 4 0
2 5 0
5 4 0
3 2 0
4 4 100
1 4 0
2 4 0
1 2 0
3 2 0
5 4 100
2 5 0
3 2 0
1 2 0
5 4 0
5 4 100
3 2 4 0
1 3 2 0
2 4 0
1 3 0
9 5 100
8 3 5 7 0
3 5 0
9 6 0
1 8 3 5 0
3 4 0
9 5 100
1 3 0
4 7 0
9 1 2 4 6 0
9 6 0
2 4 7 0
5 4 100
3 5 0
1 2 0
3 4 0
2 5 0
4 4 100
1 2 0
3 2 4 0
1 2 4 0
1 3 0
5 4 100
3 4 0
1 4 0
1 2 0
1 3 0
8 5 100
1 8 0
3 2 0
5 6 0
4 7 0
3 4 0
5 5 100
3 2 5 0
1 5 0
2 5 0
3 4 0
1 3 2 5 0
7 6 100
4 6 0
2 5 0
3 5 0
1 3 0
2 5 0
5 7 0
4 4 100
1 2 4 0
2 4 0
3 2 4 0
1 4 0
6 4 100
4 6 0
5 6 0
5 4 0
2 4 0
8 7 100
3 2 4 6 0
1 3 5 6 0
8 3 5 6 0
1 8 3 2 6 0
5 7 6 0
3 5 7 0
1 8 3 7 6 0
5 4 100
2 4 0
1 5 4 0
1 3 2 0
1 2 4 0
6 5 100
1 3 5 4 6 0
1 3 4 6 0
1 3 2 6 0
1 3 2 5 4 6 0
1 3 2 5 4 0
9 5 100
1 2 5 4 7 9 0
1 8 5 4 0
3 2 5 4 7 6 9 0
1 9 3 4 0
1 3 2 5 7 0
7 6 100
3 2 4 0
1 2 0
1 5 0
5 6 0
2 4 0
3 5 0
8 7 100
5 7 0
1 4 0
8 7 0
5 4 0
8 7 0
1 2 0
2 5 0
6 4 100
5 4 0
1 4 0
3 2 5 0
1 2 6 0
9 4 100
3 4 0
8 5 4 7 0
9 8 1 7 0
3 2 6 0
8 8 100
1 3 0
1 3 5 4 7 6 0
1 5 6 0
3 5 6 0
2 5 4 6 0
1 8 4 0
4 7 6 0
3 5 0
8 7 100
4 7 0
7 6 0
1 6 0
8 6 0
3 4 0
3 7 0
1 5 0
6 5 100
3 5 4 6 0
1 2 6 0
1 3 2 6 0
1 2 6 0
2 4 6 0
4 4 100
1 2 4 0
3 2 0
3 2 4 0
1 3 2 0
4 4 100
3 4 0
1 3 2 0
2 4 0
1 3 2 0
8 6 100
5 7 6 0
1 8 2 4 7 0
1 3 4 7 6 0
2 5 4 7 6 0
3 2 5 4 6 0
3 2 5 4 7 0
7 7 100
7 6 0
5 7 0
1 3 0
1 4 0
2 6 0
3 4 0
3 7 0
9 6 100
9 8 1 6 0
9 4 0
9 8 3 4 0
3 2 0
9 1 2 0
1 8 3 6 0
5 4 100
3 2 5 0
2 4 0
1 2 5 0
2 4 0
7 4 100
1 5 0
3 2 6 0
2 4 7 0
4 6 0
9 7 100
1 8 2 5 7 0
8 4 0
8 4 0
1 3 2 0
3 5 0
8 3 4 0
7 6 0
4 4 100
3 4 0
3 2 0
3 2 0
1 3 4 0
8 6 100
8 2 7 6 0
8 3 2 5 0
3 5 6 0
1 3 5 7 6 0
1 4 6 0
1 3 2 4 0
8 6 100
4 6 0
8 2 4 0
4 7 0
2 6 0
1 4 7 6 0
3 5 4 7 0
9 5 100
9 8 7 0
1 8 7 0
1 5 6 0
3 2 6 0
1 3 0
7 6 100
3 7 0
3 4 0
1 3 0
3 7 0
1 7 0
2 6 0
6 4 100
1 3 4 0
1 4 0
3 2 0
3 5 0
5 4 100
1 3 2 4 0
2 5 4 0
3 5 0
1 3 2 0
8 8 100
1 2 4 0
3 4 7 0
1 8 3 2 0
1 8 5 7 0
1 3 0
8 5 6 0
2 5 0
2 6 0
7 6 100
1 7 0
3 7 0
2 5 4 0
1 3 5 7 0
1 3 5 4 0
1 3 0
9 6 100
1 3 0
3 4 0
4 7 0
8 4 7 6 0
9 4 7 6 0
3 5 0
9 8 100
1 3 5 4 7 6 0
9 8 3 5 4 0
8 5 4 0
1 5 4 7 6 0
9 1 3 5 8 0
9 8 7 0
1 3 4 7 9 8 0
8 4 7 6 0
5 5 100
1 3 2 5 0
3 4 0
3 2 0
3 5 0
3 2 4 0
4 4 100
1 3 0
1 3 0
3 4 0
3 4 0
4 4 100
1 2 0
1 4 0
1 3 4 0
1 2 0
5 4 100
3 4 0
2 4 0
1 2 0
1 4 0
8 8 100
1 3 5 4 7 6 8 0
3 6 0
1 8 3 4 6 0
8 3 6 0
8 3 2 4 0
8 3 7 0
8 4 0
1 2 4 7 6 0
6 6 100
2 5 0
2 6 0
1 4 0
1 3 6 0
1 3 2 5 0
3 2 5 6 0
4 4 100
3 4 0
1 2 4 0
3 2 0
2 4 0
4 4 100
1 4 0
1 2 0
3 4 0
1 3 0
9 8 100
4 6 0
1 9 6 5 8 0
8 4 0
1 3 5 6 0
1 7 6 0
9 1 7 6 0
3 2 7 0
7 6 0
8 8 100
8 5 0
1 3 5 0
1 8 6 0
5 4 7 0
8 3 4 0
3 6 0
1 4 0
2 6 0
5 5 100
1 3 5 4 0
1 4 0
1 3 2 5 0
1 2 5 0
3 5 4 0
9 5 100
1 9 3 5 0
1 8 0
9 4 6 0
5 4 6 0
9 2 0
6 6 100
5 4 0
2 4 0
3 2 0
3 5 4 6 0
2 5 0
4 6 0
4 4 100
3 2 0
1 2 4 0
1 2 0
1 2 0
8 6 100
3 2 5 6 0
8 2 4 6 0
1 3 5 4 7 0
2 4 0
1 3 2 5 7 6 0
8 2 5 6 0
5 4 100
1 3 2 4 0
2 4 0
1 3 4 0
2 4 0
8 6 100
1 5 4 6 0
3 2 5 4 0
3 4 7 0
4 7 0
8 3 2 7 0
7 6 0
6 6 100
3 5 4 0
4 6 0
5 6 0
1 3 5 0
1 4 0
1 2 6 0
8 7 100
1 3 2 5 6 0
8 2 6 0
8 5 0
8 2 4 6 0
3 5 4 7 6 0
2 6 0
8 4 0
9 7 100
4 6 0
9 8 2 4 0
1 6 0
1 8 3 0
9 3 2 0
8 3 0
8 3 2 0
8 4 100
1 3 2 5 6 8 0
5 4 7 0
8 3 2 5 0
8 3 5 7 6 0
6 5 100
4 6 0
4 6 0
4 6 0
3 4 0
2 5 0
7 5 100
3 2 4 0
1 3 7 6 0
3 4 6 0
3 6 0
2 5 6 0
7 5 100
1 3 5 7 6 0
1 3 5 4 0
1 2 0
3 7 6 0
3 6 0
7 6 100
1 2 0
3 4 0
4 7 0
1 7 0
5 6 0
3 4 0
8 6 100
1 3 6 0
3 7 6 0
1 8 0
8 3 0
1 8 4 0
1 8 3 0
6 5 100
1 3 4 0
1 3 5 0
5 4 6 0
1 3 2 0
1 3 0
7 5 100
1 3 0
1 6 0
1 6 0
5 6 0
1 2 0
8 8 100
5 6 0
2 4 0
3 4 0
3 5 0
5 6 0
1 8 0
3 5 0
3 4 0
9 5 100
3 5 4 7 0
1 3 2 5 7 8 0
1 8 2 9 7 0
8 2 5 4 0
1 3 2 4 0
4 4 100
2 4 0
1 2 0
1 4 0
1 3 0
5 5 100
3 5 4 0
2 5 0
1 5 0
3 4 0
1 3 5 4 0
5 5 100
1 2 4 0
3 5 4 0
1 5 4 0
1 2 0
1 5 0
7 5 100
3 2 5 6 0
1 3 4 0
1 4 7 0
1 3 7 0
5 7 0
8 8 100
4 7 0
3 5 0
3 2 4 0
1 2 4 6 0
4 7 6 0
8 7 6 0
1 8 0
1 5 6 0
4 4 100
3 4 0
2 4 0
3 2 0
1 4 0
4 4 100
3 2 0
1 2 0
1 2 4 0
3 2 4 0
8 8 100
8 5 4 0
1 4 7 6 0
1 6 0
2 6 0
3 6 0
3 4 7 0
1 2 4 7 0
5 6 0
4 4 100
3 2 0
1 3 0
1 3 0
1 2 0
6 4 100
1 3 2 4 0
1 3 2 4 0
3 5 4 6 0
3 2 5 4 0
8 5 100
8 6 0
3 5 7 0
3 2 4 7 0
5 4 7 0
5 7 6 0
6 4 100
3 2 4 0
2 4 0
4 6 0
3 5 4 0
6 4 100
5 4 0
5 4 0
2 6 0
3 4 0
6 5 100
1 4 0
3 6 0
3 4 0
3 2 0
2 4 0
5 5 100
2 4 0
1 5 0
2 4 0
2 4 0
1 4 0
5 5 100
1 3 2 0
3 2 5 4 0
1 3 2 0
1 2 5 0
2 5 0
5 4 100
1 2 5 0
5 4 0
1 4 0
5 4 0
9 7 100
9 7 0
1 7 0
2 4 0
9 8 0
1 6 0
8 7 0
5 4 0
4 4 100
1 4 0
1 4 0
3 4 0
1 4 0
7 4 100
1 5 4 6 0
2 5 7 6 0
2 5 4 6 0
1 3 2 5 7 0
4 4 100
3 2 0
3 4 0
1 3 0
1 3 0
4 4 100
1 2 0
1 3 0
1 4 0
1 3 0
6 4 100
3 6 0
1 2 4 0
1 2 6 0
1 2 5 6 0
8 8 100
1 2 0
5 4 0
1 3 0
1 7 0
8 5 0
3 2 0
7 6 0
7 6 0
6 4 100
3 5 6 0
3 5 4 0
3 5 0
3 2 4 0
6 4 100
3 5 6 0
3 2 5 0
2 5 6 0
1 5 0
6 6 100
2 4 0
1 3 2 5 6 0
2 4 6 0
1 3 2 5 4 0
2 5 0
2 4 0
7 4 100
4 6 0
4 6 0
1 5 0
3 4 0
9 8 100
4 6 0
8 4 0
1 6 0
4 7 0
3 7 0
2 4 0
9 2 0
5 7 0
5 5 100
3 2 0
1 2 0
3 5 0
3 4 0
3 5 0
4 4 100
3 4 0
1 3 4 0
1 2 4 0
1 4 0
4 4 100
1 4 0
2 4 0
1 3 0
1 4 0
6 4 100
5 6 0
3 6 0
3 2 0
3 2 0
8 7 100
1 7 0
1 5 7 0
2 5 4 6 0
3 5 0
1 5 0
2 4 7 6 0
5 6 0
6 5 100
3 2 0
1 4 0
1 4 0
5 6 0
1 3 0
7 7 100
2 5 0
1 3 0
2 7 0
3 2 7 0
3 2 0
5 7 0
2 7 6 0
8 5 100
3 7 0
1 5 0
1 7 0
8 4 0
3 2 0
6 6 100
1 2 5 0
1 2 0
3 4 0
5 4 0
1 3 2 0
5 4 0
5 4 100
1 2 0
3 4 0
3 4 0
1 5 4 0
5 5 100
3 2 5 4 0
1 5 4 0
3 4 0
3 2 4 0
1 5 4 0
8 8 100
8 3 4 0
8 2 4 0
8 5 6 0
2 5 4 7 6 0
2 5 7 0
5 6 0
1 4 6 0
8 7 6 0
5 5 100
1 4 0
3 2 0
2 5 0
1 2 0
3 2 0
8 5 100
8 5 0
1 6 0
8 3 0
2 4 0
8 2 0
4 4 100
1 3 0
1 3 2 0
2 4 0
3 4 0
7 7 100
5 7 0
2 5 7 0
1 3 2 4 0
3 2 5 0
1 2 5 6 0
2 4 7 0
1 3 2 4 7 0
5 5 100
2 5 0
1 4 0
1 3 0
1 5 0
1 4 0
4 4 100
1 3 4 0
3 2 4 0
1 2 0
1 3 4 0
7 4 100
3 6 0
3 2 0
5 4 0
1 2 0
5 5 100
5 4 0
1 2 0
1 4 0
1 3 4 0
3 2 0
7 6 100
1 4 7 6 0
3 4 0
1 3 0
3 2 4 6 0
3 2 4 6 0
1 3 7 6 0
9 4 100
1 5 0
1 3 0
1 8 0
9 8 3 0
5 4 100
2 4 0
5 4 0
1 5 0
3 5 0
4 4 100
1 3 0
1 3 0
3 2 0
1 3 0
6 4 100
2 5 6 0
5 6 0
1 5 0
1 3 2 0
7 4 100
4 6 0
1 3 0
1 7 0
1 2 0
7 7 100
5 7 0
3 5 0
3 2 7 6 0
2 4 0
1 7 0
1 3 7 0
2 5 7 0
9 4 100
8 4 0
8 2 0
1 4 0
9 6 0
7 5 100
2 5 6 0
1 5 0
1 7 6 0
2 7 0
1 3 5 4 6 0
5 5 100
3 2 5 4 0
1 2 5 0
1 5 4 0
1 2 5 0
1 2 4 0
9 8 100
9 1 0
1 3 5 0
9 3 0
9 4 0
8 3 6 0
1 8 0
9 5 0
9 4 0
5 5 100
2 4 0
1 2 0
3 4 0
1 2 5 0
3 2 5 0
5 5 100
1 2 0
3 5 0
1 5 0
5 4 0
3 4 0
5 4 100
1 5 0
1 5 0
2 4 0
1 4 0
5 5 100
1 3 4 0
1 5 0
3 5 4 0
1 3 2 5 0
1 2 5 4 0
6 6 100
1 3 2 5 4 0
1 3 4 6 0
1 5 0
1 2 5 4 0
1 4 0
3 2 4 0
4 4 100
3 4 0
1 3 0
1 4 0
3 4 0
7 6 100
2 4 6 0
1 5 0
5 4 0
3 4 0
2 4 0
3 2 7 0
6 6 100
4 6 0
2 5 0
3 2 0
2 4 0
1 3 0
3 2 0
9 5 100
1 9 3 6 0
3 5 7 6 0
5 7 6 0
1 3 2 4 6 0
9 8 1 2 4 0
4 4 100
3 2 0
3 2 0
1 3 4 0
1 3 0
5 5 100
1 4 0
3 2 0
5 4 0
1 5 0
3 2 0
6 4 100
1 3 6 0
3 5 0
1 3 5 0
1 3 0
6 4 100
2 4 0
1 2 0
1 2 5 6 0
2 5 6 0
8 4 100
5 4 7 0
2 7 0
8 5 7 6 0
3 2 7 6 0
9 4 100
1 9 5 0
5 7 0
1 6 0
9 3 0
6 4 100
1 3 0
2 6 0
3 4 0
3 5 0
5 4 100
1 5 4 0
1 3 5 0
3 4 0
1 4 0
7 6 100
3 5 4 0
1 3 4 0
1 6 0
1 3 4 0
1 3 2 6 0
7 6 0
6 4 100
2 6 0
5 4 0
1 3 2 0
1 2 4 6 0
9 4 100
8 6 0
8 6 0
1 2 0
1 2 7 0
6 4 100
2 5 4 0
1 3 2 4 0
2 4 6 0
2 5 4 6 0
5 5 100
5 4 0
2 5 0
1 3 0
1 4 0
1 5 0
9 9 100
3 5 0
8 2 7 0
1 3 2 0
8 3 6 0
1 8 3 5 6 0
3 7 0
3 2 5 7 0
9 2 0
9 5 0
5 4 100
5 4 0
1 5 0
1 5 0
3 2 0
7 6 100
1 3 2 4 0
1 3 2 5 0
4 7 6 0
2 4 7 6 0
1 7 0
1 2 7 0
4 4 100
1 3 0
3 4 0
3 4 0
1 2 0
4 4 100
1 4 0
2 4 0
1 3 0
2 4 0
8 7 100
8 3 2 0
5 4 0
8 3 2 0
1 7 0
1 2 0
5 4 0
8 2 4 0
7 7 100
2 6 0
7 6 0
2 6 0
5 4 0
1 6 0
1 3 0
3 7 0
5 4 100
1 4 0
5 4 0
1 2 0
1 5 0
6 5 100
1 3 0
1 5 0
3 5 0
1 2 0
3 2 0
7 7 100
1 3 5 6 0
5 7 0
3 7 0
2 6 0
2 5 4 0
3 2 0
5 7 0
6 4 100
2 6 0
1 4 0
2 5 6 0
1 3 5 4 0
8 5 100
3 5 0
1 3 4 0
2 5 4 7 6 8 0
1 3 2 5 7 6 0
1 2 5 7 6 0
9 8 100
9 4 6 0
9 5 7 0
1 3 0
1 3 4 7 9 8 0
1 2 5 6 0
3 2 4 0
1 3 2 4 7 6 9 8 0
1 8 2 9 5 0
9 5 100
2 7 0
9 8 5 4 7 0
1 2 7 6 0
9 3 2 7 0
2 5 7 0
7 5 100
1 3 2 0
1 3 5 0
1 2 5 6 0
3 5 4 0
1 4 7 6 0
7 4 100
2 4 0
2 4 0
2 7 0
3 4 0
7 6 100
1 2 4 7 6 0
2 5 0
3 2 7 6 0
5 6 0
1 2 4 7 0
1 2 4 6 0
9 4 100
9 1 3 2 4 0
1 3 0
9 7 0
1 8 9 5 0
4 4 100
1 2 0
3 4 0
1 2 0
2 4 0
8 6 100
8 5 7 6 0
3 2 5 0
1 7 6 0
3 7 0
4 7 0
1 3 0
7 5 100
2 5 0
3 2 4 6 0
1 2 6 0
1 3 5 7 6 0
1 3 2 5 7 6 0
8 6 100
3 6 0
3 7 6 0
8 4 0
1 3 6 0
5 4 0
1 7 6 0
6 5 100
3 6 0
1 3 4 0
1 2 0
2 5 6 0
5 4 0
5 4 100
5 4 0
1 2 0
3 2 5 0
2 5 4 0
9 9 100
2 6 0
1 2 0
1 2 5 4 6 0
9 8 3 6 0
5 4 0
8 4 0
1 3 5 0
2 4 7 0
9 8 3 0
4 4 100
1 2 4 0
2 4 0
3 2 0
1 4 0
5 5 100
1 3 2 4 0
2 4 0
1 5 4 0
3 2 4 0
1 5 4 0
8 6 100
1 8 2 7 6 0
2 7 0
8 3 2 5 4 0
1 2 0
7 6 0
8 4 6 0
7 4 100
3 7 0
1 2 7 6 0
4 7 0
1 3 2 7 0
7 5 100
1 2 0
4 6 0
3 5 7 0
1 2 0
2 5 7 0
7 7 100
1 2 0
1 4 7 0
3 2 0
5 7 0
1 2 7 0
1 3 4 0
3 7 6 0
4 4 100
1 2 0
3 2 0
1 4 0
2 4 0
7 6 100
5 4 0
5 4 0
2 4 0
1 5 6 0
1 2 7 0
5 4 0
5 5 100
2 5 0
3 4 0
2 5 0
3 5 0
1 5 0
7 4 100
3 5 4 7 6 0
1 4 7 0
1 2 0
3 2 4 6 0
4 4 100
1 4 0
1 4 0
1 3 2 0
1 3 0
4 4 100
1 2 0
2 4 0
2 4 0
1 3 0
4 4 100
1 2 4 0
1 3 2 0
1 3 0
1 3 0
4 4 100
1 2 0
1 3 0
1 4 0
1 2 4 0
6 5 100
1 2 5 0
3 5 6 0
3 5 0
1 3 6 0
3 5 4 6 0
9 4 100
9 5 7 0
9 1 0
9 5 4 6 0
1 3 4 0
4 4 100
3 4 0
2 4 0
1 4 0
1 3 2 0
5 5 100
2 4 0
1 2 0
1 5 0
5 4 0
3 2 0
4 4 100
3 2 0
2 4 0
3 2 0
1 3 0
7 5 100
3 2 0
1 3 4 0
1 4 7 0
1 4 7 0
2 7 6 0
9 6 100
5 7 0
4 6 0
9 3 0
8 6 0
9 2 0
2 5 0
8 5 100
8 5 6 0
3 2 7 0
2 7 0
7 6 0
5 4 6 0
7 6 100
1 7 6 0
2 5 0
3 2 7 6 0
1 2 0
5 4 0
1 3 5 4 6 0
4 4 100
2 4 0
2 4 0
1 4 0
1 4 0
6 6 100
2 4 0
3 5 0
3 5 0
1 2 0
1 5 0
1 6 0
5 4 100
1 5 0
1 3 0
3 5 0
3 4 0
9 9 100
9 1 0
1 9 0
8 5 0
1 4 0
1 3 0
8 4 0
8 2 0
2 4 0
2 5 0
7 6 100
2 5 7 0
1 2 4 0
3 2 7 0
2 7 0
1 7 0
5 4 0
5 4 100
1 2 0
1 2 0
1 5 0
2 4 0
9 7 100
1 5 7 6 0
9 1 7 0
3 5 0
4 6 0
9 4 7 0
8 6 0
1 5 6 0
5 5 100
3 2 4 0
1 2 0
1 3 4 0
3 2 4 0
3 2 5 0
4 4 100
3 4 0
2 4 0
2 4 0
1 4 0
8 8 100
3 7 6 0
5 7 6 0
1 8 3 0
1 2 7 6 0
1 5 7 0
8 3 0
1 8 3 0
1 3 2 5 0
5 4 100
3 5 0
5 4 0
1 3 0
3 2 5 0
4 4 100
1 3 4 0
1 3 0
1 2 4 0
1 3 2 0
8 7 100
4 7 0
8 3 0
1 3 6 0
1 7 6 0
1 4 7 0
2 5 0
1 3 2 4 0
8 5 100
8 3 4 7 0
1 3 2 4 6 0
1 3 7 6 0
8 2 4 6 0
1 5 4 7 6 8 0
9 7 100
1 3 2 4 7 6 0
1 9 5 4 6 0
1 5 0
1 5 4 7 0
3 7 0
9 8 1 2 6 0
8 2 0
8 7 100
2 7 0
8 3 0
5 7 6 0
3 2 5 4 0
1 8 2 0
1 7 0
2 5 6 0
8 8 100
1 3 5 6 0
8 2 5 4 0
1 8 6 0
5 6 0
2 4 0
2 6 0
8 3 7 6 0
8 6 0
8 8 100
1 8 4 6 0
8 3 7 0
1 8 7 0
3 5 4 6 0
1 8 2 5 4 0
1 8 3 4 6 0
3 6 0
1 3 7 6 0
7 6 100
3 5 6 0
2 5 0
2 7 0
3 6 0
1 5 0
1 3 4 0
7 6 100
7 6 0
2 4 0
2 6 0
3 6 0
3 4 0
2 7 0
9 6 100
5 4 7 0
3 7 0
1 8 3 2 6 0
9 6 0
1 5 0
8 6 0
4 4 100
1 3 4 0
1 4 0
1 2 4 0
3 2 0
6 5 100
3 4 0
2 4 0
2 5 0
4 6 0
3 5 0
7 7 100
5 7 0
2 6 0
7 6 0
1 2 5 6 0
1 3 2 5 0
1 2 6 0
1 4 6 0
9 8 100
8 3 2 6 0
1 6 0
9 7 6 0
2 4 0
1 8 2 5 0
8 4 6 0
8 3 6 0
9 5 0
4 4 100
2 4 0
1 4 0
1 4 0
3 4 0
4 4 100
1 4 0
1 3 2 0
1 2 0
3 4 0
5 5 100
2 4 0
3 2 4 0
3 2 4 0
3 5 0
3 4 0
6 5 100
1 2 4 6 0
3 2 4 0
2 5 0
1 3 2 4 0
3 5 4 6 0
6 6 100
1 3 2 6 0
5 4 0
1 5 0
1 5 6 0
1 2 5 6 0
3 5 0
5 4 100
5 4 0
1 4 0
1 3 0
1 3 0
6 6 100
3 4 0
3 2 0
1 5 6 0
2 6 0
2 5 0
1 3 5 4 0
9 7 100
2 6 0
3 5 7 6 0
3 2 4 0
1 4 6 0
9 1 5 4 6 0
1 9 3 0
8 5 0
6 6 100
3 5 4 0
3 5 4 0
1 2 5 0
2 4 6 0
4 6 0
3 4 6 0
9 4 100
9 5 0
9 5 7 0
8 7 6 0
2 5 7 6 0
4 4 100
1 3 0
3 4 0
1 4 0
1 4 0
9 6 100
2 4 0
8 3 2 5 4 0
7 6 0
3 2 5 4 0
9 1 2 7 0
1 8 2 4 0
6 6 100
2 6 0
2 5 0
1 4 0
2 4 6 0
1 3 5 4 0
2 5 0
4 4 100
3 4 0
1 2 0
1 4 0
1 4 0
6 4 100
1 6 0
1 6 0
4 6 0
3 5 0
7 7 100
2 4 0
1 3 2 4 0
2 5 4 7 6 0
2 7 6 0
1 2 0
1 4 6 0
1 3 2 7 6 0
6 4 100
3 4 0
1 6 0
3 4 6 0
1 5 0
9 9 100
1 2 6 0
1 9 6 4 8 0
9 8 4 0
3 2 0
9 8 5 4 6 0
1 3 2 0
2 5 4 0
2 7 0
1 5 7 6 0
8 6 100
1 8 3 0
2 5 6 0
1 4 6 0
1 4 6 0
8 5 4 0
3 2 6 0
4 4 100
2 4 0
1 2 4 0
1 3 0
1 3 4 0
6 6 100
1 3 5 0
2 6 0
1 3 2 0
1 3 6 0
1 2 4 6 0
1 2 4 6 0
9 6 100
9 5 0
4 7 0
5 7 0
3 2 0
1 4 0
3 6 0
4 4 100
1 2 0
1 3 0
3 2 0
3 2 0
4 4 100
1 3 0
3 2 0
1 3 0
1 2 4 0
8 5 100
8 2 5 6 0
4 6 0
8 3 2 7 6 0
1 8 2 5 7 0
3 5 6 0
