0
0
0
0
0
0
0
0
0
0
0
0
0
0
0
2 8049
0
0
0
0
0
0
0
0
0
0
0
0
0
0
2 4775
0
0
1 1315
1 3265
5 9195
2 11858
0
0
0
0
2 10510
5 2986
2 4775
3 9875
7 600
6 7600
1 840
0
0
3 5370
0
4 2240
3 1315
3 3285
2 2094
3 5794
4 5350
3 5530
0
1 6974
4 6080
1 293
0
5 2958
1 7591
4 5373
0
0
2 9200
6 1690
6 4674
3 11673
5 9790
1 1228
5 4775
1 293
4 8329
2 7984
5 4775
1 1414
2 11258
2 10900
3 6107
5 8750
2 2887
3 5740
1 3359
0
3 955
8 8835
4 10640
3 7393
2 2839
5 8315
2 10186
2 12046
7 11289
1 4336
0
6 10248
0
0
2 11258
4 2302
5 8589
5 11356
2 10900
2 11896
3 265
7 5052
3 7007
2 9920
0
1 1590
2 3913
3 9134
3 265
1 106
2 3053
6 7185
3 645
1 106
5 3693
0
1 773
2 1370
6 2400
5 920
5 375
2 2851
3 11535
3 1309
3 9110
3 9110
1 773
6 7719
1 3534
5 2800
1 1590
2 6278
4 4995
0
2 11446
1 4336
3 2487
2 1160
7 8625
2 4185
2 3195
1 8274
2 3505
2 135
5 3075
0
3 975
1 1780
2 1705
4 6000
0
1 2897
2 6278
0
1 8274
5 11100
2 5652
2 6278
3 8512
3 2242
3 4144
0
4 8100
2 4368
1 3351
2 6278
4 1535
2 6278
2 6759
4 3261
0
1 106
3 8910
0
6 9585
0
4 2342
5 11247
3 10466
4 1299
2 4253
4 11806
5 345
3 10076
7 11802
0
1 627
3 9189
1 3136
0
1 7836
1 1849
1 3645
6 12105
2 7095
5 10425
1 6424
3 1560
5 7335
5 9045
5 1050
3 11850
4 5265
3 11565
4 6690
4 5265
3 7725
4 9690
3 11850
6 10695
4 6615
2 4275
1 1215
4 6615
3 9225
5 4395
2 7830
3 9225
0
4 9900
1 3547
4 7620
5 6330
1 3547
2 6276
3 930
0
3 4015
2 12095
3 4050
4 3483
3 7820
2 11104
1 1424
2 3291
0
1 5297
0
0
0
3 4933
1 80
0
0
2 8228
0
1 238
3 8597
2 4718
1 5989
0
1 238
6 7005
0
2 11709
1 746
0
0
0
0
0
1 238
0
1 8385
0
5 1275
2 2661
0
1 4322
1 238
1 3973
3 1200
5 8730
1 238
3 645
2 2715
1 4410
5 7350
0
0
4 300
2 5380
1 4980
2 8598
1 340
0
7 5495
2 6363
4 4005
2 4170
5 10755
6 8985
3 8749
5 9630
4 2670
5 4320
2 6390
4 6105
1 1873
5 8670
4 12060
5 4545
4 2830
6 4125
2 9164
7 8040
2 4170
2 4170
4 2670
3 3831
1 1873
0
0
1 5127
2 3256
0
6 1260
5 4332
2 4314
3 285
1 96
3 1164
3 10662
4 6942
3 1350
2 12183
0
0
1 2856
7 270
0
0
1 1562
0
0
1 3829
3 2447
2 6357
4 10503
1 96
2 6954
2 5097
0
6 8796
4 9960
5 1065
1 96
3 1656
0
4 10962
