25 1000 12345
7615 11246 10090 11805 2118 8307 7264 12009 9580 1315 2150 8301 1594 7606 4480 397 3187 7589 1562 9871 12160 1654 8636 7414 9699
3 3 15 11407
1 24 19
2 25 9659
1 24 18
2 11 841
1 3 12
3 10 5 4064
1 8 12
2 3 3359
3 2 11 5552
3 3 20 6558
3 21 13 3042
3 5 6 22
3 6 17 9288
1 25 24
3 15 6 2273
3 16 4 6800
3 2 13 10000
2 16 9081
1 11 15
2 17 6719
3 9 17 5631
1 15 6
1 3 9
1 14 5
3 15 19 2440
3 15 12 6547
2 19 3656
2 19 5956
1 2 25
2 15 6701
3 5 24 5792
2 20 7128
3 9 1 2063
2 21 7591
2 13 7542
1 24 5
2 1 9181
2 2 226
2 25 5944
3 8 3 10163
2 8054 19594
2 8064 17906
2 8074 20375
1 8066 8055
1 8065 8065
1 8070 8052
3 8055 8055 15314
3 20 8 4793
3 16 24 7502
3 19 16 11023
1 24 5
2 5 11972
3 11 21 8499
1 12 19
3 6 10 9749
1 14 14
3 25 24 4796
3 1 9 5079
3 16 1 5227
3 22 1 1362
1 6 24
2 2 1290
2 17 2001
3 18 16 8125
2 9 2487
3 8 23 9707
1 24 17
1 21 25
3 13 8 1466
2 19 3265
1 10 3
2 6 1938
1 4 19
1 12 21
2 17 2537
2 12 10800
3 5 1 11877
1 23 6
1 16 1
1 21 21
3 3 14 3467
2 4790 15522
2 4793 7640
3 4778 4799 6165
2 18 840
3 13 14 1552
2 6 12049
2 5 9161
3 10 10 3918
1 1328 1322
2 1321 1608
3 1329 1323 5594
2 3267 10091
2 3279 9753
3 3280 3274 11689
3 9206 9209 10897
3 11874 11870 23204
1 18 2
2 13 5961
1 15 19
1 3 9
1 14 14
3 16 14 5677
3 18 7 1558
3 21 5 1499
3 24 8 8916
1 10526 10515
1 10532 10514
1 10515 10532
1 10515 10520
1 10528 10524
2 10517 22539
3 10533 10524 22474
1 3000 3006
3 3006 2989 8644
1 4786 4789
1 4777 4779
2 4797 5469
2 4784 5207
2 4776 16122
3 4798 4797 8578
1 9883 9877
2 9879 18244
2 9887 12430
3 9878 9895 20958
2 613 10973
1 620 618
1 614 612
3 610 602 10271
3 7618 7618 15211
3 855 847 11435
3 9 7 6154
3 12 9 11785
3 5391 5377 14247
3 12 17 5883
1 2258 2259
2 2249 4498
3 2250 2252 13686
3 1317 1333 10246
2 3289 12524
1 3299 3299
1 3286 3292
2 3296 8312
3 3290 3305 11192
1 2109 2105
3 2111 2116 5194
1 5819 5808
1 5808 5818
2 5817 8339
3 5798 5811 14244
2 5366 12324
2 5373 10181
1 5357 5372
3 5360 5359 13559
1 5536 5538
3 5555 5555 16958
1 1 8
3 16 16 10852
3 6977 6997 10938
2 6100 13089
3 6086 6082 7252
2 298 6341
3 302 298 1460
1 5 11
1 2 2
1 15 22
3 11 16 7574
1 2966 2981
1 2961 2963
1 2967 2974
3 2979 2979 13477
1 7606 7612
2 7599 14481
1 7602 7594
1 7604 7610
1 7598 7609
1 7603 7610
2 7609 9562
2 7606 7881
2 7614 15542
2 7611 18670
3 7592 7609 18297
1 5387 5391
1 5392 5398
3 5383 5395 6053
3 18 16 1931
2 13 3362
2 5 6396
1 23 11
2 18 1228
2 22 9189
1 21 16
2 11 8063
3 25 8 3339
2 9225 16923
2 9202 10038
3 9211 9212 20610
3 1710 1697 13821
2 4698 9010
2 4696 15683
1 4696 4689
3 4679 4699 15974
1 11696 11691
1 11689 11686
2 11692 13087
2 11678 16420
3 11695 11681 23485
2 9799 18629
3 9806 9808 13740
3 1246 1239 12183
3 4781 4791 5943
1 306 317
2 307 426
3 313 312 9796
3 8333 8353 15288
3 7995 8002 18670
2 4791 16589
2 4796 9408
2 4777 13255
2 4787 13875
2 4777 10341
2 4795 12777
1 4800 4780
3 4796 4800 6316
3 1438 1420 13312
2 11279 15697
3 11273 11281 14653
1 10920 10903
3 10906 10912 15723
3 6115 6112 18205
2 8759 20811
3 8770 8754 11930
3 2902 2912 10173
2 5759 16462
1 5749 5750
3 5749 5748 9211
1 3365 3361
3 3375 3363 4334
2 17 8272
3 10 15 2175
1 963 974
2 980 12347
1 979 975
3 975 976 11913
3 8843 8840 17988
2 10652 10746
3 10652 10658 21347
3 7411 7413 10513
1 2852 2861
3 2846 2850 12881
3 8324 8336 14891
3 10208 10188 16026
3 12059 12049 23831
3 11313 11293 17376
3 4360 4340 6881
1 5 17
3 22 9 12146
3 10264 10270 11158
3 25 25 9965
2 25 11297
2 20 1590
2 17 690
1 20 4
3 6 24 10511
3 11271 11281 17886
1 2308 2303
1 2326 2320
1 2307 2315
1 2321 2317
3 2324 2307 13881
2 8606 14489
1 8591 8605
1 8603 8601
1 8600 8612
1 8601 8607
3 8610 8591 14450
1 11357 11381
2 11361 12281
2 11379 14225
1 11368 11369
3 11371 11362 16900
1 10917 10918
1 10902 10911
2 10905 11067
3 10905 10906 13189
1 11919 11917
2 11898 21549
3 11917 11906 23006
3 267 278 12128
1 5069 5057
2 5058 14688
3 5068 5064 12644
2 7016 8462
3 7017 7010 15935
3 9937 9938 10666
1 6 23
3 20 20 5564
1 1592 1599
2 1595 13374
1 1614 1592
1 1615 1602
1 1605 1615
1 1605 1608
1 1602 1608
2 1597 12957
3 1606 1608 8927
2 3931 10700
2 3935 11639
1 3919 3931
2 3926 9647
2 3928 6906
3 3916 3930 8445
3 9144 9155 21134
1 290 275
3 286 287 2026
3 117 128 5807
1 3067 3071
1 3064 3071
3 3073 3062 7806
2 7192 15409
3 7193 7194 13036
2 670 1418
3 654 649 1363
2 124 5307
2 112 6698
1 112 122
2 112 11029
2 110 11814
2 109 6749
3 121 128 11303
2 3714 10411
2 3696 4451
2 3707 14728
1 3704 3718
1 3704 3717
3 3714 3714 7435
1 4 13
2 18 3935
3 2 5 3514
3 778 791 5679
1 1383 1393
3 1384 1391 13096
3 2408 2413 12375
3 922 929 7986
3 391 383 5362
2 2852 11125
1 2876 2875
3 2867 2860 4766
1 11545 11553
1 11552 11554
1 11550 11538
3 11537 11538 12827
3 1313 1319 10742
3 9120 9129 14981
2 9117 21447
3 9116 9112 12064
1 787 774
2 795 4307
1 789 782
2 775 9996
2 796 6718
2 778 8143
3 775 776 12445
2 7734 10855
3 7741 7741 13912
3 3539 3555 11260
3 2820 2805 9812
2 1609 7065
3 1593 1607 5307
1 6283 6280
3 6298 6291 15108
1 5005 5004
3 5010 5001 5830
1 24 16
3 11 12 3432
2 11464 21295
2 11456 20741
3 11469 11450 16173
3 4357 4358 9287
2 2512 8792
1 2498 2494
1 2507 2509
3 2511 2510 10103
1 1174 1161
1 1169 1172
2 1162 7175
3 1163 1173 11505
1 8634 8647
2 8649 10405
1 8626 8648
3 8628 8634 16007
2 4208 13922
1 4202 4189
2 4203 10837
1 4204 4189
1 4204 4194
2 4195 10994
3 4202 4205 5971
3 3202 3196 11707
1 8278 8284
1 8292 8295
1 8293 8279
1 8290 8288
3 8290 8282 11015
1 3510 3521
3 3509 3517 13766
1 145 150
1 151 137
2 160 5669
3 144 157 10192
1 3089 3083
1 3093 3093
3 3089 3081 4384
1 13 18
2 11 2069
3 7 2 6416
1 996 988
1 991 983
3 982 999 6226
3 1804 1798 10371
2 1724 12603
2 1719 14047
1 1721 1722
3 1706 1723 10314
2 6017 6219
2 6024 12619
1 6004 6004
2 6016 8912
1 6024 6015
1 6020 6015
2 6020 8897
1 6001 6015
3 6006 6013 7621
1 10 20
1 11 22
1 2 6
3 24 20 3094
3 2909 2907 8129
2 6296 8723
3 6291 6284 8481
2 13 11533
3 1 13 10502
3 8287 8278 19303
2 11116 12953
3 11122 11101 15891
1 5676 5664
1 5676 5661
2 5670 12186
3 5661 5670 6542
2 6296 6819
3 6288 6290 16867
2 8533 18868
3 8515 8523 11084
2 2262 4406
3 2243 2252 4216
2 4163 10314
2 4166 7495
2 4162 5107
2 4164 10863
1 4165 4154
3 4169 4151 5119
3 22 21 8357
1 8125 8105
2 8119 17607
3 8124 8104 17756
2 4379 9676
2 4373 10420
2 4393 12204
2 4379 10267
3 4390 4393 8686
2 3364 5641
1 3361 3363
3 3365 3372 8578
2 6301 14826
3 6291 6293 12868
3 1538 1549 2319
1 6297 6298
1 6300 6299
1 6302 6292
3 6296 6285 10482
1 6772 6762
2 6764 14806
1 6776 6770
2 6776 12001
1 6767 6783
3 6766 6783 16138
3 3275 3284 4452
1 20 15
3 17 8 3195
2 118 6530
2 130 5275
2 128 1955
1 131 130
3 115 127 10559
3 8930 8924 14689
2 20 627
1 10 19
3 16 8 11013
2 9609 14204
3 9589 9608 11317
1 21 22
2 2 4189
1 4 4
2 7 9218
2 23 6687
1 25 16
3 5 11 10045
2 2344 11862
1 2344 2356
2 2365 9092
1 2352 2359
2 2349 10146
1 2364 2344
1 2361 2366
1 2364 2351
3 2356 2345 13319
2 11260 11263
3 11269 11262 19500
3 10487 10485 20988
2 1308 7157
3 1304 1316 6570
3 4258 4274 13652
3 11814 11811 23568
2 368 2933
3 366 346 5384
3 10099 10089 19020
2 11805 24055
3 11818 11809 13497
2 11 6085
3 12 20 2790
3 642 652 10542
2 9205 15883
1 9213 9212
3 9200 9195 13309
1 3148 3156
1 3149 3155
3 3153 3143 7663
2 2 4479
1 8 11
2 24 9637
3 24 25 9513
2 7852 11481
1 7837 7838
2 7860 9051
3 7848 7858 13583
3 1856 1865 7523
3 3646 3657 14774
1 12123 12123
3 12122 12118 14062
3 7099 7106 18394
2 10447 20162
3 10429 10446 16975
2 6438 13675
2 6427 18111
2 6430 12985
2 6443 9469
3 6430 6446 13430
3 1561 1585 12876
2 7347 9850
3 7338 7358 16209
1 9055 9059
2 9046 20875
2 9052 17600
1 9049 9050
1 9048 9068
2 9049 13286
1 9060 9059
2 9058 14331
2 9068 16433
3 9047 9057 20968
2 1058 9634
3 1072 1075 6078
1 11857 11865
3 11865 11862 16044
1 5268 5268
1 5267 5276
2 5270 13224
1 5267 5286
3 5283 5281 11746
1 11585 11588
3 11580 11583 18928
3 6698 6705 10049
1 5278 5266
3 5287 5281 9319
3 7733 7741 15492
3 9713 9694 14536
1 11857 11869
3 11860 11864 21659
2 10702 22694
1 10703 10702
3 10715 10716 14441
2 6626 7371
2 6629 18813
3 6634 6625 12695
3 4294 4288 5564
1 1217 1217
2 1225 3026
1 1238 1217
1 1225 1238
3 1224 1235 5578
2 6635 18742
2 6626 17998
1 6633 6627
3 6623 6620 12969
2 9226 9971
2 9250 13547
1 9233 9249
1 9246 9229
1 9247 9249
2 9231 20958
1 9247 9226
1 9249 9247
1 9236 9237
2 9240 12772
3 9250 9234 16230
1 4402 4418
1 4418 4416
2 4417 15032
1 4405 4413
2 4411 7602
2 4401 16290
3 4411 4401 10124
1 7851 7852
1 7851 7845
1 7842 7831
3 7838 7850 11467
3 9231 9241 10393
3 23 21 8800
1 9912 9922
2 9917 11193
2 9923 22095
1 9906 9921
1 9903 9924
1 9914 9912
3 9923 9911 15697
3 3565 3568 8048
3 7637 7621 18018
1 6344 6334
2 6353 7699
2 6354 13603
2 6346 13487
2 6349 15232
1 6354 6335
3 6345 6341 12879
3 3564 3558 9728
1 6293 6279
3 6294 6286 9228
1 946 935
3 950 954 2926
2 17 11431
2 21 5124
2 16 7103
2 15 10297
3 10 1 3410
2 4026 14957
1 4031 4020
1 4030 4025
3 4027 4022 10374
1 12107 12107
2 12112 24180
2 12098 20480
1 12110 12109
2 12097 16703
1 12119 12096
1 12110 12103
2 12108 14214
1 12112 12112
3 12116 12101 19849
1 4066 4072
1 4072 4058
2 4068 13906
1 4063 4067
1 4059 4066
1 4072 4060
3 4057 4055 16157
1 3490 3488
1 3497 3501
1 3486 3492
3 3498 3492 11804
2 7832 9244
2 7837 17007
2 7841 14665
3 7830 7839 14035
3 11107 11112 15175
1 1435 1428
1 1426 1447
2 1428 1662
2 1440 9312
2 1437 11901
2 1439 1504
3 1426 1438 6643
1 3306 3301
2 3303 8588
1 3303 3312
2 3299 13277
1 3316 3296
2 3296 9280
3 3293 3303 6623
1 5 11
3 21 18 5858
1 5318 5304
3 5300 5314 6826
3 20 2 1978
1 12 25
3 19 9 199
3 23 5 9778
2 4942 16158
1 4942 4953
3 4948 4950 11125
2 100 4628
3 96 83 925
1 16 22
2 20 5673
2 10 9779
3 24 6 7132
3 16 13 8476
1 8236 8249
3 8231 8244 10402
3 4 22 4099
2 256 11777
1 259 247
1 248 246
2 262 7630
3 243 239 11191
1 8602 8618
1 8618 8608
3 8604 8619 9971
2 4726 15919
2 4740 11139
3 4723 4732 10727
2 5997 9702
1 6012 5991
3 6007 5998 7206
1 18 11
3 8 22 3232
3 247 252 11573
3 7006 7021 7658
2 14 8511
3 17 25 7744
3 11710 11723 16280
2 757 10361
2 753 918
1 766 755
1 771 768
1 760 771
2 767 8113
2 769 8790
3 764 769 7924
3 2 24 1614
2 1 12291
2 9 3275
2 12 9073
3 1 1 3988
1 9 24
2 23 10521
1 22 3
2 17 1308
1 20 8
1 5 18
2 7 9637
2 15 9974
1 6 9
3 12 25 1711
3 12 19 2409
2 17 340
2 5 9838
3 4 13 1022
1 249 256
3 257 250 3770
1 16 22
2 23 3258
1 24 12
1 2 4
2 23 6721
3 12 10 8402
1 8402 8400
1 8410 8386
1 8402 8386
2 8404 12358
3 8391 8403 11614
1 25 5
1 4 23
1 12 19
3 15 21 9228
1 1284 1294
2 1295 8265
3 1276 1290 10353
3 2685 2676 8894
2 15 3690
1 1 14
2 23 452
1 7 13
3 13 25 5982
1 4339 4335
2 4333 9449
3 4338 4344 6068
2 243 4648
1 250 249
1 245 245
2 244 3595
1 261 252
1 256 256
1 254 262
3 241 262 5182
3 3981 3974 9226
2 1222 11579
1 1201 1202
3 1203 1206 11085
3 8745 8734 10036
3 241 246 10260
2 647 1308
1 670 651
3 646 651 6002
1 2736 2721
1 2729 2736
1 2731 2737
1 2725 2730
3 2729 2716 7340
3 4427 4412 12913
3 7369 7365 9624
1 14 20
3 22 22 4270
1 5 11
1 17 19
3 3 4 11108
2 312 8840
2 308 1451
2 312 2796
2 306 5280
2 305 9910
3 301 305 11724
2 5382 7194
2 5404 15726
2 5399 7253
3 5386 5398 11713
3 4987 4990 11162
2 8607 12126
3 8617 8615 9647
2 352 2207
2 365 374
2 342 7781
3 343 356 1639
2 24 7324
1 18 16
1 13 23
3 7 22 11645
2 5497 17379
1 5518 5512
2 5515 11081
3 5515 5514 11641
3 6380 6364 14843
3 4006 4028 9032
1 4183 4193
1 4190 4175
3 4179 4188 13752
2 10768 14513
3 10775 10778 20558
3 8995 8986 16467
1 8772 8753
1 8758 8758
3 8763 8761 19151
2 9645 17384
2 9631 21764
3 9641 9655 17058
2 2672 4232
3 2687 2682 11237
2 4335 9619
2 4333 13589
2 4337 5005
3 4326 4325 12758
2 6414 17164
1 6400 6391
3 6407 6394 16244
2 6109 14408
3 6112 6124 13264
2 1898 13407
3 1888 1883 10317
3 8693 8681 17448
1 12072 12073
3 12081 12066 20801
3 4546 4564 16528
3 2838 2845 14047
3 4149 4147 13368
1 9165 9167
3 9175 9165 21324
3 8041 8063 15493
1 4185 4179
3 4184 4193 11037
3 4181 4174 11094
3 2690 2682 8327
1 3849 3840
3 3856 3850 11686
3 1888 1897 3720
2 9 2226
1 14 11
1 9 2
3 14 7 1797
2 5 11839
3 11 11 9157
1 5146 5138
1 5140 5144
2 5137 11010
3 5146 5139 15568
2 3278 10338
1 3279 3259
1 3270 3265
1 3277 3280
2 3268 4069
3 3269 3261 7923
2 5 96
3 3 20 10711
1 1275 1283
3 1267 1279 13022
2 4353 14606
1 4333 4335
3 4351 4342 8739
3 4318 4331 11065
2 305 9545
2 297 967
2 304 5416
3 292 302 957
2 115 2952
1 99 108
2 97 3925
3 98 99 4662
2 1189 8232
1 1187 1166
1 1173 1172
1 1165 1180
3 1167 1171 4572
2 10674 20628
2 10671 20956
1 10678 10666
1 10665 10682
3 10684 10664 18095
2 6945 12760
2 6950 11407
2 6958 8092
3 6957 6946 14440
3 1368 1359 9873
3 12187 12205 15304
1 21 14
1 17 13
3 21 19 2623
1 1 4
3 3 11 4072
3 2867 2865 13237
2 289 7896
1 273 294
2 286 6851
2 277 9981
3 295 280 6022
2 19 5243
1 6 9
1 19 2
3 21 25 2039
1 23 12
2 6 6782
3 9 2 4017
3 1586 1572 4408
3 6 18 1830
2 9 11659
2 6 9289
2 19 1982
3 16 7 5365
1 3849 3850
2 3846 13925
3 3851 3841 12334
3 2470 2461 10701
1 6364 6378
3 6358 6376 14889
2 10525 17075
1 10511 10508
3 10505 10523 11947
2 103 5246
2 107 5977
2 112 2272
2 114 5988
3 106 117 8249
3 6963 6974 9880
3 5106 5118 7543
3 11 3 10368
1 8821 8821
1 8799 8798
3 8820 8809 15128
3 9973 9979 17355
2 1073 3629
1 1087 1076
3 1070 1074 2858
3 101 105 7210
2 1668 13769
1 1657 1663
2 1664 5793
2 1660 5585
3 1681 1674 5466
1 19 14
3 8 22 11212
1 10964 10978
2 10964 16126
